X (Volt)	Y (Volt)
1.385156E-1	3.125000E-3
1.754297E-1	3.437500E-2
2.123438E-1	6.640624E-2
2.486719E-1	9.726562E-2
2.844141E-1	1.273437E-1
3.213282E-1	1.578125E-1
3.588282E-1	1.886719E-1
3.939844E-1	2.175781E-1
4.267969E-1	2.449218E-1
4.555079E-1	2.710937E-1
4.836329E-1	2.941406E-1
5.100001E-1	3.164062E-1
5.340235E-1	3.378906E-1
5.568751E-1	3.574218E-1
5.826563E-1	3.750000E-1
6.119532E-1	3.914062E-1
6.400782E-1	4.058593E-1
6.670313E-1	4.179687E-1
6.881251E-1	4.289062E-1
7.027735E-1	4.367187E-1
7.092189E-1	4.429687E-1
7.092189E-1	4.472656E-1
7.033595E-1	4.496093E-1
6.910548E-1	4.507812E-1
6.752345E-1	4.500000E-1
6.564845E-1	4.484375E-1
6.336329E-1	4.457031E-1
6.078516E-1	4.417968E-1
5.791407E-1	4.371093E-1
5.498438E-1	4.312500E-1
5.193751E-1	4.242187E-1
4.877344E-1	4.164062E-1
4.537501E-1	4.070312E-1
4.185938E-1	3.964843E-1
3.834375E-1	3.835937E-1
3.494532E-1	3.699218E-1
3.154688E-1	3.546875E-1
2.850000E-1	3.375000E-1
2.557032E-1	3.179687E-1
2.269922E-1	2.976562E-1
1.971094E-1	2.761718E-1
1.660547E-1	2.527343E-1
1.344141E-1	2.277344E-1
1.004297E-1	2.011719E-1
6.703124E-2	1.722656E-1
3.246093E-2	1.425781E-1
-3.867205E-3	1.125000E-1
-4.019534E-2	8.242187E-2
-7.593753E-2	5.156249E-2
-1.122657E-1	1.992187E-2
-1.497657E-1	-1.054687E-2
-1.872657E-1	-4.179687E-2
-2.235938E-1	-7.421874E-2
-2.610938E-1	-1.058594E-1
-2.974219E-1	-1.363281E-1
-3.343360E-1	-1.660156E-1
-3.700782E-1	-1.960937E-1
-4.034766E-1	-2.253906E-1
-4.351173E-1	-2.535156E-1
-4.644142E-1	-2.792968E-1
-4.919532E-1	-3.035156E-1
-5.171485E-1	-3.257812E-1
-5.417579E-1	-3.460937E-1
-5.657814E-1	-3.656250E-1
-5.909767E-1	-3.835937E-1
-6.202736E-1	-3.996093E-1
-6.489845E-1	-4.136718E-1
-6.741798E-1	-4.261718E-1
-6.946876E-1	-4.367187E-1
-7.081642E-1	-4.453125E-1
-7.151955E-1	-4.515625E-1
-7.157814E-1	-4.558593E-1
-7.087501E-1	-4.585937E-1
-6.970314E-1	-4.597656E-1
-6.823829E-1	-4.589843E-1
-6.642189E-1	-4.574218E-1
-6.413673E-1	-4.542968E-1
-6.150001E-1	-4.503906E-1
-5.851173E-1	-4.453125E-1
-5.540626E-1	-4.386718E-1
-5.230079E-1	-4.316406E-1
-4.919532E-1	-4.234375E-1
-4.585548E-1	-4.140625E-1
-4.228126E-1	-4.031250E-1
-3.894141E-1	-3.910156E-1
-3.566016E-1	-3.765625E-1
-3.243751E-1	-3.605468E-1
-2.933204E-1	-3.433593E-1
-2.640235E-1	-3.246093E-1
-2.347266E-1	-3.039062E-1
-2.042579E-1	-2.812500E-1
-1.732032E-1	-2.574218E-1
-1.403907E-1	-2.320312E-1
-1.069922E-1	-2.046875E-1
-7.183597E-2	-1.761719E-1
-3.609377E-2	-1.464844E-1
2.343584E-4	-1.171875E-1
3.539061E-2	-8.632812E-2
6.937500E-2	-5.507812E-2
1.045313E-1	-2.382812E-2
1.426172E-1	6.249999E-3
1.795313E-1	3.789062E-2
2.158594E-1	6.953124E-2
2.521875E-1	1.007812E-1
2.891016E-1	1.308594E-1
3.266016E-1	1.617187E-1
3.635157E-1	1.921875E-1
3.980860E-1	2.207031E-1
4.297266E-1	2.480468E-1
4.596094E-1	2.738281E-1
4.871485E-1	2.968750E-1
5.129298E-1	3.187500E-1
5.375391E-1	3.402343E-1
5.592188E-1	3.597656E-1
5.855860E-1	3.769531E-1
6.148829E-1	3.933593E-1
6.435938E-1	4.070312E-1
6.693751E-1	4.195312E-1
6.898829E-1	4.296875E-1
7.033595E-1	4.375000E-1
7.092189E-1	4.437500E-1
7.098048E-1	4.476562E-1
7.027735E-1	4.500000E-1
6.898829E-1	4.507812E-1
6.740626E-1	4.500000E-1
6.547267E-1	4.484375E-1
6.318751E-1	4.457031E-1
6.055079E-1	4.414062E-1
5.767970E-1	4.367187E-1
5.469141E-1	4.308593E-1
5.170313E-1	4.238281E-1
4.853907E-1	4.156250E-1
4.508204E-1	4.062500E-1
4.150782E-1	3.953125E-1
3.799219E-1	3.824218E-1
3.459375E-1	3.683593E-1
3.125391E-1	3.531250E-1
2.814844E-1	3.359375E-1
2.521875E-1	3.160156E-1
2.246485E-1	2.957031E-1
1.935938E-1	2.738281E-1
1.625391E-1	2.500000E-1
1.303125E-1	2.250000E-1
9.691406E-2	1.980469E-1
6.351562E-2	1.691406E-1
2.835936E-2	1.394531E-1
-7.968768E-3	1.093750E-1
-4.371096E-2	7.968749E-2
-8.003909E-2	4.843750E-2
-1.151953E-1	1.679687E-2
-1.538672E-1	-1.367187E-2
-1.907813E-1	-4.492187E-2
-2.271094E-1	-7.695312E-2
-2.651954E-1	-1.085937E-1
-3.021094E-1	-1.390625E-1
-3.378516E-1	-1.687500E-1
-3.735938E-1	-1.988281E-1
-4.064063E-1	-2.281250E-1
-4.374610E-1	-2.558593E-1
-4.673438E-1	-2.812500E-1
-4.937110E-1	-3.058593E-1
-5.189064E-1	-3.273437E-1
-5.435157E-1	-3.476562E-1
-5.675392E-1	-3.671875E-1
-5.927345E-1	-3.847656E-1
-6.220314E-1	-4.007812E-1
-6.501564E-1	-4.144531E-1
-6.753517E-1	-4.269531E-1
-6.946876E-1	-4.371093E-1
-7.075783E-1	-4.457031E-1
-7.140236E-1	-4.515625E-1
-7.140236E-1	-4.558593E-1
-7.069923E-1	-4.585937E-1
-6.952736E-1	-4.593750E-1
-6.800392E-1	-4.585937E-1
-6.624611E-1	-4.570312E-1
-6.390236E-1	-4.539062E-1
-6.120704E-1	-4.500000E-1
-5.821876E-1	-4.445312E-1
-5.517189E-1	-4.382812E-1
-5.200782E-1	-4.308593E-1
-4.884376E-1	-4.226562E-1
-4.550392E-1	-4.128906E-1
-4.192970E-1	-4.019531E-1
-3.864845E-1	-3.894531E-1
-3.530860E-1	-3.750000E-1
-3.208594E-1	-3.589843E-1
-2.909766E-1	-3.417968E-1
-2.610938E-1	-3.226562E-1
-2.312110E-1	-3.015625E-1
-2.007422E-1	-2.789062E-1
-1.691016E-1	-2.550781E-1
-1.368750E-1	-2.292969E-1
-1.034766E-1	-2.019531E-1
-6.832034E-2	-1.730469E-1
-3.199221E-2	-1.437500E-1
4.335922E-3	-1.140625E-1
3.890624E-2	-8.320312E-2
7.347656E-2	-5.156249E-2
1.092188E-1	-2.070312E-2
1.467188E-1	9.374999E-3
1.836328E-1	4.140625E-2
2.211328E-1	7.265624E-2
2.562891E-1	1.035156E-1
2.926172E-1	1.339844E-1
3.307032E-1	1.644531E-1
3.664454E-1	1.949219E-1
4.010157E-1	2.234375E-1
4.332422E-1	2.507812E-1
4.619532E-1	2.761718E-1
4.894923E-1	2.992187E-1
5.152735E-1	3.207031E-1
5.392970E-1	3.421875E-1
5.621485E-1	3.609375E-1
5.891016E-1	3.785156E-1
6.183985E-1	3.945312E-1
6.459376E-1	4.082031E-1
6.723048E-1	4.207031E-1
6.928126E-1	4.308593E-1
7.057032E-1	4.382812E-1
7.109767E-1	4.441406E-1
7.092189E-1	4.480468E-1
7.021876E-1	4.500000E-1
6.898829E-1	4.507812E-1
6.734767E-1	4.500000E-1
6.535548E-1	4.480468E-1
6.301173E-1	4.453125E-1
6.037501E-1	4.410156E-1
5.750391E-1	4.363281E-1
5.451563E-1	4.304687E-1
5.146876E-1	4.234375E-1
4.824610E-1	4.148437E-1
4.478907E-1	4.050781E-1
4.121485E-1	3.941406E-1
3.775782E-1	3.808593E-1
3.430079E-1	3.671875E-1
3.101953E-1	3.515625E-1
2.785547E-1	3.339843E-1
2.498438E-1	3.144531E-1
2.217188E-1	2.937500E-1
1.912500E-1	2.718750E-1
1.596094E-1	2.480468E-1
1.273828E-1	2.226562E-1
9.398437E-2	1.957031E-1
6.117187E-2	1.664062E-1
2.484374E-2	1.367187E-1
-1.148439E-2	1.066406E-1
-4.722659E-2	7.617187E-2
-8.355472E-2	4.531250E-2
-1.198828E-1	1.367187E-2
-1.585547E-1	-1.679687E-2
-1.948829E-1	-4.843750E-2
-2.306251E-1	-8.046874E-2
-2.681251E-1	-1.117187E-1
-3.044532E-1	-1.417969E-1
-3.419532E-1	-1.722656E-1
-3.776954E-1	-2.019531E-1
-4.099220E-1	-2.312500E-1
-4.409767E-1	-2.585937E-1
-4.702735E-1	-2.839843E-1
-4.966407E-1	-3.082031E-1
-5.218360E-1	-3.296875E-1
-5.458595E-1	-3.500000E-1
-5.698829E-1	-3.691406E-1
-5.962501E-1	-3.871093E-1
-6.249611E-1	-4.023437E-1
-6.530861E-1	-4.160156E-1
-6.776954E-1	-4.285156E-1
-6.970314E-1	-4.386718E-1
-7.099220E-1	-4.468750E-1
-7.157814E-1	-4.527343E-1
-7.151955E-1	-4.566406E-1
-7.075783E-1	-4.589843E-1
-6.952736E-1	-4.597656E-1
-6.788673E-1	-4.589843E-1
-6.601173E-1	-4.570312E-1
-6.360939E-1	-4.539062E-1
-6.091407E-1	-4.496093E-1
-5.792579E-1	-4.441406E-1
-5.482032E-1	-4.375000E-1
-5.177345E-1	-4.300781E-1
-4.855079E-1	-4.218750E-1
-4.515235E-1	-4.121093E-1
-4.163673E-1	-4.007812E-1
-3.829688E-1	-3.882812E-1
-3.501563E-1	-3.734375E-1
-3.179298E-1	-3.574218E-1
-2.874610E-1	-3.398437E-1
-2.587501E-1	-3.210937E-1
-2.294532E-1	-2.996093E-1
-1.989844E-1	-2.769531E-1
-1.679297E-1	-2.527343E-1
-1.345313E-1	-2.269531E-1
-1.005469E-1	-1.992187E-1
-6.539065E-2	-1.707031E-1
-2.964846E-2	-1.410156E-1
6.679672E-3	-1.113281E-1
4.124999E-2	-8.046874E-2
7.582031E-2	-4.882812E-2
1.121484E-1	-1.796875E-2
1.496484E-1	1.250000E-2
1.871485E-1	4.453125E-2
2.240625E-1	7.578124E-2
2.598047E-1	1.066406E-1
2.967188E-1	1.371094E-1
3.342188E-1	1.675781E-1
3.705469E-1	1.976562E-1
4.051172E-1	2.265625E-1
4.367579E-1	2.535156E-1
4.648829E-1	2.785156E-1
4.924219E-1	3.015625E-1
5.176173E-1	3.234375E-1
5.422266E-1	3.445312E-1
5.644923E-1	3.632812E-1
5.920313E-1	3.804687E-1
6.219142E-1	3.964843E-1
6.494532E-1	4.097656E-1
6.752345E-1	4.218750E-1
6.945704E-1	4.316406E-1
7.062892E-1	4.390625E-1
7.109767E-1	4.445312E-1
7.098048E-1	4.484375E-1
7.010157E-1	4.503906E-1
6.881251E-1	4.507812E-1
6.711329E-1	4.500000E-1
6.506251E-1	4.480468E-1
6.266017E-1	4.449218E-1
6.002345E-1	4.406250E-1
5.709376E-1	4.355468E-1
5.416407E-1	4.292968E-1
5.111719E-1	4.222656E-1
4.783594E-1	4.136718E-1
4.432032E-1	4.039062E-1
4.074610E-1	3.925781E-1
3.728907E-1	3.796875E-1
3.389063E-1	3.656250E-1
3.066797E-1	3.496093E-1
2.762110E-1	3.316406E-1
2.469141E-1	3.117187E-1
2.182031E-1	2.914062E-1
1.871485E-1	2.691406E-1
1.560938E-1	2.453125E-1
1.232813E-1	2.195312E-1
8.988281E-2	1.925781E-1
5.648437E-2	1.628906E-1
2.074217E-2	1.332031E-1
-1.558596E-2	1.035156E-1
-5.074221E-2	7.304687E-2
-8.707034E-2	4.179687E-2
-1.239844E-1	1.015625E-2
-1.614844E-1	-2.031250E-2
-1.972266E-1	-5.156249E-2
-2.347266E-1	-8.398437E-2
-2.716407E-1	-1.148437E-1
-3.085548E-1	-1.449219E-1
-3.448829E-1	-1.750000E-1
-3.800391E-1	-2.046875E-1
-4.128516E-1	-2.339844E-1
-4.439063E-1	-2.613281E-1
-4.726173E-1	-2.863281E-1
-4.989845E-1	-3.105468E-1
-5.241798E-1	-3.316406E-1
-5.482032E-1	-3.519531E-1
-5.722267E-1	-3.710937E-1
-5.997657E-1	-3.886718E-1
-6.284767E-1	-4.039062E-1
-6.566017E-1	-4.175781E-1
-6.800392E-1	-4.292968E-1
-6.987892E-1	-4.394531E-1
-7.105080E-1	-4.472656E-1
-7.163673E-1	-4.531250E-1
-7.140236E-1	-4.570312E-1
-7.052345E-1	-4.589843E-1
-6.929298E-1	-4.593750E-1
-6.771095E-1	-4.585937E-1
-6.577736E-1	-4.566406E-1
-6.331642E-1	-4.531250E-1
-6.062111E-1	-4.492187E-1
-5.763282E-1	-4.433593E-1
-5.452735E-1	-4.367187E-1
-5.142189E-1	-4.292968E-1
-4.819923E-1	-4.210937E-1
-4.474220E-1	-4.109375E-1
-4.122657E-1	-3.996093E-1
-3.800391E-1	-3.867187E-1
-3.466407E-1	-3.722656E-1
-3.155860E-1	-3.558593E-1
-2.845313E-1	-3.378906E-1
-2.552344E-1	-3.187500E-1
-2.253516E-1	-2.972656E-1
-1.942969E-1	-2.742187E-1
-1.644141E-1	-2.503906E-1
-1.304297E-1	-2.238281E-1
-9.703128E-2	-1.964844E-1
-6.187503E-2	-1.675781E-1
-2.496096E-2	-1.382812E-1
1.078124E-2	-1.082031E-1
4.535155E-2	-7.695312E-2
7.933593E-2	-4.570312E-2
1.162500E-1	-1.484375E-2
1.543359E-1	1.562500E-2
1.906641E-1	4.765625E-2
2.269922E-1	7.890624E-2
2.633203E-1	1.093750E-1
2.996485E-1	1.398437E-1
3.377344E-1	1.703125E-1
3.734766E-1	2.007812E-1
4.074610E-1	2.289062E-1
4.391016E-1	2.558593E-1
4.678126E-1	2.808593E-1
4.947657E-1	3.035156E-1
5.205469E-1	3.250000E-1
5.439845E-1	3.460937E-1
5.674220E-1	3.648437E-1
5.949610E-1	3.816406E-1
6.242579E-1	3.976562E-1
6.517970E-1	4.109375E-1
6.764063E-1	4.226562E-1
6.951564E-1	4.324218E-1
7.068751E-1	4.394531E-1
7.115626E-1	4.449218E-1
7.086329E-1	4.484375E-1
6.998439E-1	4.503906E-1
6.863673E-1	4.507812E-1
6.693751E-1	4.496093E-1
6.488673E-1	4.476562E-1
6.248438E-1	4.445312E-1
5.967188E-1	4.402343E-1
5.680079E-1	4.351562E-1
5.381251E-1	4.289062E-1
5.076563E-1	4.214843E-1
4.748438E-1	4.128906E-1
4.402735E-1	4.031250E-1
4.045313E-1	3.914062E-1
3.693750E-1	3.781250E-1
3.359766E-1	3.640625E-1
3.037500E-1	3.480468E-1
2.726953E-1	3.296875E-1
2.439844E-1	3.097656E-1
2.152735E-1	2.890625E-1
1.848047E-1	2.667968E-1
1.531641E-1	2.425781E-1
1.203516E-1	2.167969E-1
8.636719E-2	1.894531E-1
5.296874E-2	1.597656E-1
1.722655E-2	1.300781E-1
-1.910158E-2	9.999999E-2
-5.542971E-2	6.953124E-2
-9.175784E-2	3.828125E-2
-1.280860E-1	7.031249E-3
-1.661719E-1	-2.343750E-2
-2.025001E-1	-5.507812E-2
-2.388282E-1	-8.749999E-2
-2.763282E-1	-1.187500E-1
-3.138282E-1	-1.484375E-1
-3.501563E-1	-1.789062E-1
-3.847266E-1	-2.085937E-1
-4.175392E-1	-2.375000E-1
-4.480079E-1	-2.644531E-1
-4.767188E-1	-2.894531E-1
-5.030860E-1	-3.132812E-1
-5.276954E-1	-3.343750E-1
-5.517189E-1	-3.542968E-1
-5.757423E-1	-3.730468E-1
-6.038673E-1	-3.906250E-1
-6.325782E-1	-4.054687E-1
-6.601173E-1	-4.191406E-1
-6.829689E-1	-4.308593E-1
-7.017189E-1	-4.406250E-1
-7.122658E-1	-4.484375E-1
-7.169533E-1	-4.535156E-1
-7.140236E-1	-4.574218E-1
-7.040626E-1	-4.593750E-1
-6.917579E-1	-4.597656E-1
-6.759376E-1	-4.585937E-1
-6.560158E-1	-4.562500E-1
-6.308204E-1	-4.527343E-1
-6.032814E-1	-4.484375E-1
-5.728126E-1	-4.429687E-1
-5.411720E-1	-4.359375E-1
-5.112892E-1	-4.285156E-1
-4.784767E-1	-4.199218E-1
-4.439063E-1	-4.097656E-1
-4.081641E-1	-3.980468E-1
-3.759376E-1	-3.851562E-1
-3.431251E-1	-3.703125E-1
-3.114844E-1	-3.539062E-1
-2.816016E-1	-3.355468E-1
-2.523047E-1	-3.164062E-1
-2.224219E-1	-2.949218E-1
-1.913672E-1	-2.714843E-1
-1.603125E-1	-2.472656E-1
-1.269141E-1	-2.210937E-1
-9.351566E-2	-1.933594E-1
-5.777346E-2	-1.640625E-1
-2.144533E-2	-1.347656E-1
1.371092E-2	-1.046875E-1
4.886718E-2	-7.343749E-2
8.343750E-2	-4.218750E-2
1.209375E-1	-1.132812E-2
1.584375E-1	1.914062E-2
1.947656E-1	5.117187E-2
2.316797E-1	8.281249E-2
2.674219E-1	1.128906E-1
3.049219E-1	1.437500E-1
3.424219E-1	1.742187E-1
3.781641E-1	2.042969E-1
4.115626E-1	2.324219E-1
4.426172E-1	2.589843E-1
4.713282E-1	2.835937E-1
4.982813E-1	3.062500E-1
5.234766E-1	3.281250E-1
5.463282E-1	3.484375E-1
5.697657E-1	3.667968E-1
5.984766E-1	3.839843E-1
6.283595E-1	3.992187E-1
6.553126E-1	4.125000E-1
6.799220E-1	4.238281E-1
6.980860E-1	4.332031E-1
7.080470E-1	4.402343E-1
7.109767E-1	4.457031E-1
7.080470E-1	4.488281E-1
6.986720E-1	4.503906E-1
6.840235E-1	4.507812E-1
6.670313E-1	4.492187E-1
6.459376E-1	4.472656E-1
6.213282E-1	4.437500E-1
5.937891E-1	4.394531E-1
5.644923E-1	4.343750E-1
5.351954E-1	4.281250E-1
5.035548E-1	4.203125E-1
4.707423E-1	4.117187E-1
4.355860E-1	4.015625E-1
4.004297E-1	3.898437E-1
3.658594E-1	3.765625E-1
3.318750E-1	3.621093E-1
2.990625E-1	3.460937E-1
2.691797E-1	3.273437E-1
2.410547E-1	3.074218E-1
2.123438E-1	2.867187E-1
1.812891E-1	2.640625E-1
1.490625E-1	2.394531E-1
1.156641E-1	2.136719E-1
8.226562E-2	1.863281E-1
4.886718E-2	1.566406E-1
1.312499E-2	1.265625E-1
-2.261721E-2	9.687499E-2
-5.835940E-2	6.601562E-2
-9.527347E-2	3.515625E-2
-1.316016E-1	3.906250E-3
-1.696875E-1	-2.656250E-2
-2.060157E-1	-5.859374E-2
-2.429297E-1	-9.062499E-2
-2.804298E-1	-1.218750E-1
-3.173438E-1	-1.515625E-1
-3.536720E-1	-1.820312E-1
-3.882423E-1	-2.113281E-1
-4.204688E-1	-2.402344E-1
-4.503517E-1	-2.671875E-1
-4.790626E-1	-2.921875E-1
-5.054298E-1	-3.156250E-1
-5.300392E-1	-3.363281E-1
-5.540626E-1	-3.562500E-1
-5.775001E-1	-3.750000E-1
-6.056251E-1	-3.921875E-1
-6.349220E-1	-4.070312E-1
-6.618751E-1	-4.203125E-1
-6.841408E-1	-4.316406E-1
-7.011329E-1	-4.410156E-1
-7.116798E-1	-4.488281E-1
-7.157814E-1	-4.539062E-1
-7.122658E-1	-4.574218E-1
-7.028908E-1	-4.589843E-1
-6.894142E-1	-4.593750E-1
-6.730079E-1	-4.582031E-1
-6.530861E-1	-4.558593E-1
-6.278907E-1	-4.523437E-1
-5.991798E-1	-4.480468E-1
-5.692970E-1	-4.421875E-1
-5.382423E-1	-4.351562E-1
-5.077735E-1	-4.277343E-1
-4.755470E-1	-4.187500E-1
-4.403907E-1	-4.085937E-1
-4.052345E-1	-3.968750E-1
-3.724220E-1	-3.839843E-1
-3.396094E-1	-3.687500E-1
-3.079688E-1	-3.523437E-1
-2.775001E-1	-3.339843E-1
-2.482032E-1	-3.144531E-1
-2.183204E-1	-2.925781E-1
-1.878516E-1	-2.691406E-1
-1.567969E-1	-2.445312E-1
-1.233985E-1	-2.179687E-1
-8.882816E-2	-1.906250E-1
-5.367190E-2	-1.609375E-1
-1.792971E-2	-1.320312E-1
1.839842E-2	-1.015625E-1
5.296874E-2	-7.031249E-2
8.695312E-2	-3.906250E-2
1.244531E-1	-8.593749E-3
1.619531E-1	2.226562E-2
1.988672E-1	5.429687E-2
2.351953E-1	8.593749E-2
2.709375E-1	1.160156E-1
3.078516E-1	1.464844E-1
3.453516E-1	1.773437E-1
3.816797E-1	2.070312E-1
4.150782E-1	2.347656E-1
4.449610E-1	2.613281E-1
4.730860E-1	2.859375E-1
5.000391E-1	3.082031E-1
5.252344E-1	3.296875E-1
5.480860E-1	3.500000E-1
5.721095E-1	3.683593E-1
6.008204E-1	3.851562E-1
6.301173E-1	4.003906E-1
6.570704E-1	4.132812E-1
6.810938E-1	4.250000E-1
6.980860E-1	4.339843E-1
7.074610E-1	4.406250E-1
7.109767E-1	4.457031E-1
7.068751E-1	4.488281E-1
6.963282E-1	4.503906E-1
6.822657E-1	4.503906E-1
6.646876E-1	4.492187E-1
6.430079E-1	4.468750E-1
6.189845E-1	4.433593E-1
5.908595E-1	4.390625E-1
5.609766E-1	4.335937E-1
5.316798E-1	4.273437E-1
5.006251E-1	4.195312E-1
4.678126E-1	4.105468E-1
4.320704E-1	4.003906E-1
3.969141E-1	3.886718E-1
3.623438E-1	3.750000E-1
3.283594E-1	3.605468E-1
2.961328E-1	3.445312E-1
2.662500E-1	3.253906E-1
2.381250E-1	3.050781E-1
2.082422E-1	2.843750E-1
1.777735E-1	2.617187E-1
1.461328E-1	2.367187E-1
1.121484E-1	2.109375E-1
7.875000E-2	1.832031E-1
4.476562E-2	1.535156E-1
9.023422E-3	1.234375E-1
-2.730471E-2	9.335937E-2
-6.187503E-2	6.289062E-2
-9.878910E-2	3.125000E-2
-1.362891E-1	3.906250E-4
-1.732032E-1	-3.046875E-2
-2.095313E-1	-6.210937E-2
-2.470313E-1	-9.414062E-2
-2.839454E-1	-1.253906E-1
-3.214454E-1	-1.550781E-1
-3.571876E-1	-1.855469E-1
-3.917579E-1	-2.148437E-1
-4.239845E-1	-2.433594E-1
-4.538673E-1	-2.699218E-1
-4.814063E-1	-2.945312E-1
-5.071876E-1	-3.179687E-1
-5.323829E-1	-3.386718E-1
-5.564064E-1	-3.585937E-1
-5.810157E-1	-3.769531E-1
-6.097267E-1	-3.941406E-1
-6.384376E-1	-4.085937E-1
-6.659767E-1	-4.218750E-1
-6.876564E-1	-4.328125E-1
-7.040626E-1	-4.421875E-1
-7.134376E-1	-4.496093E-1
-7.157814E-1	-4.542968E-1
-7.116798E-1	-4.578125E-1
-7.011329E-1	-4.593750E-1
-6.876564E-1	-4.593750E-1
-6.718361E-1	-4.578125E-1
-6.501564E-1	-4.554687E-1
-6.243751E-1	-4.519531E-1
-5.962501E-1	-4.472656E-1
-5.663673E-1	-4.414062E-1
-5.341407E-1	-4.343750E-1
-5.036720E-1	-4.265625E-1
-4.708595E-1	-4.175781E-1
-4.362892E-1	-4.074218E-1
-4.017188E-1	-3.957031E-1
-3.689063E-1	-3.820312E-1
-3.355079E-1	-3.667968E-1
-3.044532E-1	-3.500000E-1
-2.745704E-1	-3.316406E-1
-2.458594E-1	-3.121093E-1
-2.165626E-1	-2.898437E-1
-1.849219E-1	-2.664062E-1
-1.526954E-1	-2.417969E-1
-1.198828E-1	-2.148437E-1
-8.472659E-2	-1.871094E-1
-4.898440E-2	-1.574219E-1
-1.324221E-2	-1.281250E-1
2.249999E-2	-9.765624E-2
5.765624E-2	-6.640624E-2
9.164062E-2	-3.515625E-2
1.291406E-1	-4.687500E-3
1.666406E-1	2.617187E-2
2.029688E-1	5.820312E-2
2.398828E-1	8.945312E-2
2.750391E-1	1.195312E-1
3.125391E-1	1.503906E-1
3.494532E-1	1.812500E-1
3.857813E-1	2.105469E-1
4.191797E-1	2.382812E-1
4.484766E-1	2.648437E-1
4.771876E-1	2.886718E-1
5.029688E-1	3.109375E-1
5.275782E-1	3.324218E-1
5.510157E-1	3.527343E-1
5.756251E-1	3.707031E-1
6.043360E-1	3.875000E-1
6.330470E-1	4.023437E-1
6.605860E-1	4.148437E-1
6.840235E-1	4.261718E-1
7.004298E-1	4.347656E-1
7.086329E-1	4.414062E-1
7.109767E-1	4.460937E-1
7.062892E-1	4.492187E-1
6.951564E-1	4.503906E-1
6.810938E-1	4.503906E-1
6.623438E-1	4.488281E-1
6.412501E-1	4.464843E-1
6.154688E-1	4.429687E-1
5.867579E-1	4.382812E-1
5.568751E-1	4.328125E-1
5.275782E-1	4.261718E-1
4.965235E-1	4.183593E-1
4.625391E-1	4.093750E-1
4.279688E-1	3.992187E-1
3.928126E-1	3.871093E-1
3.588282E-1	3.734375E-1
3.254297E-1	3.585937E-1
2.932032E-1	3.421875E-1
2.627344E-1	3.230468E-1
2.346094E-1	3.027343E-1
2.053125E-1	2.816406E-1
1.742578E-1	2.589843E-1
1.420313E-1	2.339844E-1
1.086328E-1	2.078125E-1
7.523437E-2	1.796875E-1
4.066405E-2	1.500000E-1
4.921859E-3	1.199219E-1
-3.082033E-2	8.984374E-2
-6.714847E-2	5.898437E-2
-1.034766E-1	2.773437E-2
-1.403907E-1	-3.125000E-3
-1.773047E-1	-3.398437E-2
-2.148047E-1	-6.601562E-2
-2.517188E-1	-9.804686E-2
-2.886329E-1	-1.289062E-1
-3.255469E-1	-1.585937E-1
-3.612891E-1	-1.890625E-1
-3.946876E-1	-2.179687E-1
-4.275001E-1	-2.464843E-1
-4.579688E-1	-2.730468E-1
-4.855079E-1	-2.976562E-1
-5.107032E-1	-3.203125E-1
-5.347267E-1	-3.410156E-1
-5.587501E-1	-3.605468E-1
-5.839454E-1	-3.792968E-1
-6.126564E-1	-3.957031E-1
-6.413673E-1	-4.101562E-1
-6.683204E-1	-4.230468E-1
-6.900001E-1	-4.339843E-1
-7.058204E-1	-4.433593E-1
-7.140236E-1	-4.500000E-1
-7.157814E-1	-4.550781E-1
-7.110939E-1	-4.582031E-1
-6.999611E-1	-4.593750E-1
-6.858986E-1	-4.593750E-1
-6.689064E-1	-4.578125E-1
-6.478126E-1	-4.550781E-1
-6.220314E-1	-4.515625E-1
-5.933204E-1	-4.464843E-1
-5.628517E-1	-4.402343E-1
-5.312110E-1	-4.332031E-1
-5.013282E-1	-4.257812E-1
-4.673438E-1	-4.164062E-1
-4.310157E-1	-4.058593E-1
-3.970313E-1	-3.941406E-1
-3.648048E-1	-3.804687E-1
-3.319923E-1	-3.648437E-1
-3.015235E-1	-3.480468E-1
-2.710548E-1	-3.292968E-1
-2.417579E-1	-3.093750E-1
-2.118751E-1	-2.871093E-1
-1.814063E-1	-2.636718E-1
-1.491797E-1	-2.386719E-1
-1.151953E-1	-2.113281E-1
-8.179691E-2	-1.835937E-1
-4.546877E-2	-1.539062E-1
-8.554706E-3	-1.246094E-1
2.718749E-2	-9.374999E-2
6.117187E-2	-6.249999E-2
9.574219E-2	-3.164062E-2
1.332422E-1	-1.171875E-3
1.701563E-1	3.007812E-2
2.070703E-1	6.210937E-2
2.433985E-1	9.296874E-2
2.791407E-1	1.230469E-1
3.166407E-1	1.539062E-1
3.535547E-1	1.847656E-1
3.892969E-1	2.136719E-1
4.226954E-1	2.414062E-1
4.525782E-1	2.675781E-1
4.801173E-1	2.910156E-1
5.058985E-1	3.132812E-1
5.310938E-1	3.347656E-1
5.539454E-1	3.546875E-1
5.791407E-1	3.726562E-1
6.078516E-1	3.890625E-1
6.371485E-1	4.039062E-1
6.641017E-1	4.164062E-1
6.863673E-1	4.273437E-1
7.021876E-1	4.359375E-1
7.098048E-1	4.421875E-1
7.109767E-1	4.464843E-1
7.057032E-1	4.496093E-1
6.939845E-1	4.503906E-1
6.787501E-1	4.503906E-1
6.611720E-1	4.488281E-1
6.389063E-1	4.460937E-1
6.125392E-1	4.425781E-1
5.838282E-1	4.375000E-1
5.539454E-1	4.320312E-1
5.252344E-1	4.253906E-1
4.935938E-1	4.175781E-1
4.596094E-1	4.085937E-1
4.250391E-1	3.980468E-1
3.892969E-1	3.855468E-1
3.547266E-1	3.718750E-1
3.207422E-1	3.570312E-1
2.885157E-1	3.402343E-1
2.603907E-1	3.210937E-1
2.316797E-1	3.007812E-1
2.012110E-1	2.792968E-1
1.707422E-1	2.562500E-1
1.385156E-1	2.312500E-1
1.045313E-1	2.050781E-1
7.171875E-2	1.765625E-1
3.714843E-2	1.468750E-1
1.406234E-3	1.164062E-1
-3.492190E-2	8.671874E-2
-7.066409E-2	5.585937E-2
-1.075782E-1	2.421875E-2
-1.450782E-1	-6.249999E-3
-1.819922E-1	-3.710937E-2
-2.189063E-1	-6.953124E-2
-2.564063E-1	-1.015625E-1
-2.933204E-1	-1.320312E-1
-3.296485E-1	-1.621094E-1
-3.659766E-1	-1.921875E-1
-3.999610E-1	-2.214844E-1
-4.310157E-1	-2.500000E-1
-4.608985E-1	-2.757812E-1
-4.884376E-1	-3.003906E-1
-5.136329E-1	-3.226562E-1
-5.382423E-1	-3.433593E-1
-5.628517E-1	-3.628906E-1
-5.874611E-1	-3.812500E-1
-6.150001E-1	-3.972656E-1
-6.448829E-1	-4.117187E-1
-6.706642E-1	-4.242187E-1
-6.905861E-1	-4.351562E-1
-7.058204E-1	-4.437500E-1
-7.134376E-1	-4.503906E-1
-7.151955E-1	-4.550781E-1
-7.093361E-1	-4.582031E-1
-6.982033E-1	-4.593750E-1
-6.835548E-1	-4.589843E-1
-6.659767E-1	-4.574218E-1
-6.437111E-1	-4.546875E-1
-6.173439E-1	-4.507812E-1
-5.892189E-1	-4.457031E-1
-5.593360E-1	-4.394531E-1
-5.276954E-1	-4.324218E-1
-4.966407E-1	-4.246093E-1
-4.626563E-1	-4.152343E-1
-4.269142E-1	-4.046875E-1
-3.935157E-1	-3.925781E-1
-3.607032E-1	-3.785156E-1
-3.284766E-1	-3.628906E-1
-2.974219E-1	-3.457031E-1
-2.669532E-1	-3.269531E-1
-2.376563E-1	-3.066406E-1
-2.071876E-1	-2.839843E-1
-1.773047E-1	-2.605468E-1
-1.444922E-1	-2.351562E-1
-1.116797E-1	-2.082031E-1
-7.710940E-2	-1.800781E-1
-4.078127E-2	-1.503906E-1
-4.453142E-3	-1.210937E-1
3.070311E-2	-9.023437E-2
6.468749E-2	-5.898437E-2
9.984375E-2	-2.812500E-2
1.373438E-1	2.343750E-3
1.742578E-1	3.359375E-2
2.117578E-1	6.562499E-2
2.475000E-1	9.648437E-2
2.838282E-1	1.269531E-1
3.207422E-1	1.574219E-1
3.582422E-1	1.882812E-1
3.928126E-1	2.167969E-1
4.256251E-1	2.445312E-1
4.543360E-1	2.703125E-1
4.818751E-1	2.937500E-1
5.082423E-1	3.156250E-1
5.334376E-1	3.375000E-1
5.557032E-1	3.566406E-1
5.814845E-1	3.742187E-1
6.107813E-1	3.910156E-1
6.389063E-1	4.050781E-1
6.658595E-1	4.175781E-1
6.869532E-1	4.281250E-1
7.016017E-1	4.363281E-1
7.092189E-1	4.425781E-1
7.098048E-1	4.468750E-1
7.033595E-1	4.492187E-1
6.910548E-1	4.503906E-1
6.752345E-1	4.496093E-1
6.570704E-1	4.480468E-1
6.342188E-1	4.453125E-1
6.084376E-1	4.417968E-1
5.797266E-1	4.367187E-1
5.498438E-1	4.312500E-1
5.199610E-1	4.242187E-1
4.883204E-1	4.160156E-1
4.549219E-1	4.070312E-1
4.185938E-1	3.960937E-1
3.846094E-1	3.835937E-1
3.506250E-1	3.699218E-1
3.166407E-1	3.546875E-1
2.850000E-1	3.378906E-1
2.562891E-1	3.179687E-1
2.275781E-1	2.980468E-1
1.982813E-1	2.765625E-1
1.672266E-1	2.535156E-1
1.350000E-1	2.281250E-1
1.004297E-1	2.015625E-1
6.761718E-2	1.730469E-1
3.304686E-2	1.433594E-1
-3.281267E-3	1.132812E-1
-3.843752E-2	8.359374E-2
-7.417972E-2	5.273437E-2
-1.105078E-1	2.109375E-2
-1.485938E-1	-9.374999E-3
-1.849219E-1	-4.023437E-2
-2.218360E-1	-7.265624E-2
-2.587501E-1	-1.039062E-1
-2.962501E-1	-1.343750E-1
-3.314063E-1	-1.640625E-1
-3.671485E-1	-1.945312E-1
-4.011329E-1	-2.234375E-1
-4.321876E-1	-2.515625E-1
-4.620704E-1	-2.773437E-1
-4.896095E-1	-3.015625E-1
-5.148048E-1	-3.242187E-1
-5.388282E-1	-3.445312E-1
-5.628517E-1	-3.636718E-1
-5.886329E-1	-3.820312E-1
-6.173439E-1	-3.984375E-1
-6.454689E-1	-4.121093E-1
-6.712501E-1	-4.250000E-1
-6.911720E-1	-4.355468E-1
-7.058204E-1	-4.441406E-1
-7.134376E-1	-4.507812E-1
-7.140236E-1	-4.550781E-1
-7.075783E-1	-4.578125E-1
-6.958595E-1	-4.589843E-1
-6.812111E-1	-4.585937E-1
-6.642189E-1	-4.570312E-1
-6.419533E-1	-4.542968E-1
-6.155861E-1	-4.503906E-1
-5.868751E-1	-4.453125E-1
-5.558204E-1	-4.390625E-1
-5.247657E-1	-4.316406E-1
-4.937110E-1	-4.238281E-1
-4.603126E-1	-4.140625E-1
-4.245704E-1	-4.035156E-1
-3.911720E-1	-3.914062E-1
-3.577735E-1	-3.769531E-1
-3.255469E-1	-3.613281E-1
-2.944923E-1	-3.441406E-1
-2.646094E-1	-3.253906E-1
-2.353126E-1	-3.046875E-1
-2.048438E-1	-2.820312E-1
-1.743750E-1	-2.582031E-1
-1.421485E-1	-2.324219E-1
-1.081641E-1	-2.054687E-1
-7.417972E-2	-1.769531E-1
-3.726565E-2	-1.476562E-1
-9.375168E-4	-1.179687E-1
3.421874E-2	-8.710937E-2
6.820312E-2	-5.585937E-2
1.033594E-1	-2.500000E-2
1.414453E-1	5.468749E-3
