X (Volt)	Y (Volt)
4.945312E-2	-7.812499E-4
9.574219E-2	2.734375E-3
1.443750E-1	5.859374E-3
1.953516E-1	8.593749E-3
2.457422E-1	1.093750E-2
2.937891E-1	1.289062E-2
3.394922E-1	1.523437E-2
3.828516E-1	1.718750E-2
4.273829E-1	1.953125E-2
4.719141E-1	2.148437E-2
5.129298E-1	2.343750E-2
5.492579E-1	2.539062E-2
5.855860E-1	2.695312E-2
6.213282E-1	2.851562E-2
6.558985E-1	3.007812E-2
6.887110E-1	3.164062E-2
7.180079E-1	3.281250E-2
7.408595E-1	3.398437E-2
7.578517E-1	3.476562E-2
7.713282E-1	3.515625E-2
7.824611E-1	3.593750E-2
7.912501E-1	3.632812E-2
7.982814E-1	3.632812E-2
8.029689E-1	3.632812E-2
8.064845E-1	3.632812E-2
8.088282E-1	3.671875E-2
8.100001E-1	3.671875E-2
8.064845E-1	3.632812E-2
7.982814E-1	3.593750E-2
7.848048E-1	3.515625E-2
7.660548E-1	3.398437E-2
7.443751E-1	3.281250E-2
7.185939E-1	3.164062E-2
6.910548E-1	3.046875E-2
6.611720E-1	2.890625E-2
6.283595E-1	2.734375E-2
5.926173E-1	2.539062E-2
5.545313E-1	2.343750E-2
5.152735E-1	2.148437E-2
4.754298E-1	1.953125E-2
4.344141E-1	1.718750E-2
3.869532E-1	1.523437E-2
3.348047E-1	1.289062E-2
2.808985E-1	1.054687E-2
2.281641E-1	7.812499E-3
1.760156E-1	5.468749E-3
1.267969E-1	3.125000E-3
7.933593E-2	7.812499E-4
3.363280E-2	-1.562500E-3
-1.265627E-2	-3.906250E-3
-5.718753E-2	-6.249999E-3
-1.046485E-1	-9.374999E-3
-1.538672E-1	-1.210937E-2
-2.036719E-1	-1.484375E-2
-2.552344E-1	-1.757812E-2
-3.050391E-1	-1.992187E-2
-3.507423E-1	-2.226562E-2
-3.941016E-1	-2.421875E-2
-4.374610E-1	-2.656250E-2
-4.814063E-1	-2.851562E-2
-5.194923E-1	-3.046875E-2
-5.564064E-1	-3.203125E-2
-5.933204E-1	-3.398437E-2
-6.296486E-1	-3.554687E-2
-6.642189E-1	-3.710937E-2
-6.946876E-1	-3.828125E-2
-7.233986E-1	-3.945312E-2
-7.456642E-1	-4.062500E-2
-7.626564E-1	-4.101562E-2
-7.755470E-1	-4.179687E-2
-7.872658E-1	-4.218750E-2
-7.960548E-1	-4.257812E-2
-8.030861E-1	-4.257812E-2
-8.077736E-1	-4.296875E-2
-8.107033E-1	-4.296875E-2
-8.136330E-1	-4.296875E-2
-8.142189E-1	-4.296875E-2
-8.118752E-1	-4.257812E-2
-8.042580E-1	-4.218750E-2
-7.913673E-1	-4.140625E-2
-7.726173E-1	-4.062500E-2
-7.515236E-1	-3.945312E-2
-7.263283E-1	-3.828125E-2
-6.993751E-1	-3.710937E-2
-6.700783E-1	-3.554687E-2
-6.366798E-1	-3.398437E-2
-5.997657E-1	-3.242187E-2
-5.605079E-1	-3.046875E-2
-5.212501E-1	-2.812500E-2
-4.814063E-1	-2.617187E-2
-4.398048E-1	-2.421875E-2
-3.929298E-1	-2.226562E-2
-3.413673E-1	-1.953125E-2
-2.868751E-1	-1.679687E-2
-2.329688E-1	-1.445312E-2
-1.808204E-1	-1.210937E-2
-1.310157E-1	-9.765624E-3
-8.472659E-2	-7.421874E-3
-3.726565E-2	-5.468749E-3
9.023422E-3	-3.125000E-3
5.296874E-2	-3.906250E-4
9.808594E-2	2.734375E-3
1.484766E-1	5.859374E-3
1.994531E-1	8.593749E-3
2.492578E-1	1.093750E-2
2.978907E-1	1.328125E-2
3.430079E-1	1.523437E-2
3.857813E-1	1.757812E-2
4.303126E-1	1.953125E-2
4.742579E-1	2.148437E-2
5.146876E-1	2.343750E-2
5.510157E-1	2.539062E-2
5.879298E-1	2.695312E-2
6.242579E-1	2.890625E-2
6.588282E-1	3.046875E-2
6.904689E-1	3.164062E-2
7.191798E-1	3.320312E-2
7.420314E-1	3.398437E-2
7.590236E-1	3.476562E-2
7.719142E-1	3.554687E-2
7.836329E-1	3.593750E-2
7.924220E-1	3.632812E-2
7.982814E-1	3.632812E-2
8.035548E-1	3.671875E-2
8.070704E-1	3.671875E-2
8.100001E-1	3.671875E-2
8.105861E-1	3.632812E-2
8.076564E-1	3.632812E-2
7.994532E-1	3.554687E-2
7.859767E-1	3.515625E-2
7.666407E-1	3.398437E-2
7.443751E-1	3.281250E-2
7.180079E-1	3.164062E-2
6.898829E-1	3.007812E-2
6.594142E-1	2.851562E-2
6.260157E-1	2.695312E-2
5.891016E-1	2.500000E-2
5.521876E-1	2.343750E-2
5.135157E-1	2.148437E-2
4.736719E-1	1.953125E-2
4.314844E-1	1.718750E-2
3.846094E-1	1.484375E-2
3.312891E-1	1.250000E-2
2.773828E-1	1.015625E-2
2.240625E-1	7.812499E-3
1.719141E-1	5.468749E-3
1.226953E-1	2.734375E-3
7.640625E-2	3.906250E-4
3.011718E-2	-1.953125E-3
-1.500002E-2	-3.906250E-3
-5.953128E-2	-6.640624E-3
-1.075782E-1	-9.765624E-3
-1.567969E-1	-1.250000E-2
-2.077735E-1	-1.484375E-2
-2.581641E-1	-1.757812E-2
-3.079688E-1	-2.031250E-2
-3.536720E-1	-2.226562E-2
-3.952735E-1	-2.460937E-2
-4.380470E-1	-2.656250E-2
-4.819923E-1	-2.851562E-2
-5.218360E-1	-3.046875E-2
-5.593360E-1	-3.242187E-2
-5.962501E-1	-3.398437E-2
-6.325782E-1	-3.554687E-2
-6.671486E-1	-3.710937E-2
-6.976173E-1	-3.867187E-2
-7.251564E-1	-3.984375E-2
-7.474220E-1	-4.062500E-2
-7.632423E-1	-4.140625E-2
-7.761330E-1	-4.179687E-2
-7.872658E-1	-4.218750E-2
-7.966408E-1	-4.257812E-2
-8.030861E-1	-4.257812E-2
-8.077736E-1	-4.296875E-2
-8.112892E-1	-4.296875E-2
-8.130470E-1	-4.296875E-2
-8.142189E-1	-4.296875E-2
-8.118752E-1	-4.257812E-2
-8.036720E-1	-4.218750E-2
-7.901955E-1	-4.140625E-2
-7.708595E-1	-4.062500E-2
-7.503517E-1	-3.945312E-2
-7.245705E-1	-3.828125E-2
-6.964454E-1	-3.710937E-2
-6.677345E-1	-3.554687E-2
-6.337501E-1	-3.398437E-2
-5.980079E-1	-3.203125E-2
-5.587501E-1	-3.046875E-2
-5.194923E-1	-2.851562E-2
-4.796485E-1	-2.617187E-2
-4.374610E-1	-2.421875E-2
-3.894141E-1	-2.187500E-2
-3.372657E-1	-1.953125E-2
-2.833594E-1	-1.679687E-2
-2.288672E-1	-1.406250E-2
-1.767188E-1	-1.171875E-2
-1.275000E-1	-9.765624E-3
-8.121097E-2	-7.421874E-3
-3.375002E-2	-5.078124E-3
1.136717E-2	-3.125000E-3
5.531249E-2	-3.906250E-4
1.016016E-1	3.125000E-3
1.514063E-1	6.249999E-3
2.023828E-1	8.593749E-3
2.521875E-1	1.132812E-2
3.008203E-1	1.328125E-2
3.453516E-1	1.523437E-2
3.869532E-1	1.757812E-2
4.320704E-1	1.953125E-2
4.754298E-1	2.187500E-2
5.164454E-1	2.343750E-2
5.539454E-1	2.539062E-2
5.908595E-1	2.734375E-2
6.266017E-1	2.890625E-2
6.617579E-1	3.046875E-2
6.933985E-1	3.203125E-2
7.209376E-1	3.320312E-2
7.426173E-1	3.398437E-2
7.584376E-1	3.476562E-2
7.725001E-1	3.554687E-2
7.830470E-1	3.593750E-2
7.912501E-1	3.593750E-2
7.982814E-1	3.632812E-2
8.029689E-1	3.632812E-2
8.064845E-1	3.632812E-2
8.088282E-1	3.632812E-2
8.094142E-1	3.632812E-2
8.064845E-1	3.632812E-2
7.982814E-1	3.593750E-2
7.836329E-1	3.515625E-2
7.648829E-1	3.398437E-2
7.420314E-1	3.281250E-2
7.156642E-1	3.164062E-2
6.875392E-1	3.046875E-2
6.570704E-1	2.851562E-2
6.236720E-1	2.695312E-2
5.873438E-1	2.500000E-2
5.510157E-1	2.343750E-2
5.123438E-1	2.148437E-2
4.730860E-1	1.953125E-2
4.303126E-1	1.718750E-2
3.805079E-1	1.484375E-2
3.271875E-1	1.250000E-2
2.732813E-1	1.015625E-2
2.217188E-1	7.812499E-3
1.695703E-1	5.078124E-3
1.203516E-1	2.734375E-3
7.347656E-2	3.906250E-4
2.718749E-2	-1.953125E-3
-1.851564E-2	-3.906250E-3
-6.363284E-2	-6.640624E-3
-1.116797E-1	-9.765624E-3
-1.603125E-1	-1.250000E-2
-2.118751E-1	-1.523437E-2
-2.628516E-1	-1.796875E-2
-3.114844E-1	-2.031250E-2
-3.554298E-1	-2.265625E-2
-3.976173E-1	-2.460937E-2
-4.415626E-1	-2.656250E-2
-4.860938E-1	-2.890625E-2
-5.253517E-1	-3.085937E-2
-5.628517E-1	-3.242187E-2
-6.003517E-1	-3.398437E-2
-6.366798E-1	-3.554687E-2
-6.700783E-1	-3.710937E-2
-6.999611E-1	-3.867187E-2
-7.269142E-1	-3.984375E-2
-7.480080E-1	-4.062500E-2
-7.638283E-1	-4.140625E-2
-7.761330E-1	-4.179687E-2
-7.878517E-1	-4.218750E-2
-7.960548E-1	-4.257812E-2
-8.025002E-1	-4.257812E-2
-8.077736E-1	-4.257812E-2
-8.107033E-1	-4.296875E-2
-8.130470E-1	-4.296875E-2
-8.142189E-1	-4.296875E-2
-8.112892E-1	-4.257812E-2
-8.036720E-1	-4.218750E-2
-7.890236E-1	-4.140625E-2
-7.696876E-1	-4.062500E-2
-7.474220E-1	-3.945312E-2
-7.216408E-1	-3.828125E-2
-6.935158E-1	-3.710937E-2
-6.648048E-1	-3.554687E-2
-6.302345E-1	-3.398437E-2
-5.944923E-1	-3.203125E-2
-5.558204E-1	-3.007812E-2
-5.165626E-1	-2.812500E-2
-4.761329E-1	-2.617187E-2
-4.321876E-1	-2.382812E-2
-3.847266E-1	-2.187500E-2
-3.325782E-1	-1.914062E-2
-2.786719E-1	-1.640625E-2
-2.247657E-1	-1.406250E-2
-1.737891E-1	-1.171875E-2
-1.245704E-1	-9.765624E-3
-7.769534E-2	-7.421874E-3
-3.023440E-2	-5.078124E-3
1.488280E-2	-2.734375E-3
5.882812E-2	0.000000E+0
1.057031E-1	3.125000E-3
1.560938E-1	6.249999E-3
2.070703E-1	8.984374E-3
2.562891E-1	1.132812E-2
3.037500E-1	1.367187E-2
3.476954E-1	1.562500E-2
3.898829E-1	1.757812E-2
4.344141E-1	1.992187E-2
4.795313E-1	2.187500E-2
5.205469E-1	2.382812E-2
5.574610E-1	2.578125E-2
5.943751E-1	2.734375E-2
6.301173E-1	2.929687E-2
6.641017E-1	3.046875E-2
6.957423E-1	3.203125E-2
7.226954E-1	3.320312E-2
7.443751E-1	3.437500E-2
7.601954E-1	3.476562E-2
7.730861E-1	3.554687E-2
7.842189E-1	3.593750E-2
7.930079E-1	3.632812E-2
7.988673E-1	3.632812E-2
8.047267E-1	3.671875E-2
8.076564E-1	3.671875E-2
8.100001E-1	3.671875E-2
8.105861E-1	3.632812E-2
8.070704E-1	3.632812E-2
7.982814E-1	3.593750E-2
7.836329E-1	3.515625E-2
7.642970E-1	3.398437E-2
7.420314E-1	3.281250E-2
7.144923E-1	3.164062E-2
6.857814E-1	3.007812E-2
6.547267E-1	2.851562E-2
6.219142E-1	2.695312E-2
5.861720E-1	2.500000E-2
5.486720E-1	2.304687E-2
5.100001E-1	2.109375E-2
4.689844E-1	1.914062E-2
4.256251E-1	1.718750E-2
3.758204E-1	1.484375E-2
3.225000E-1	1.210937E-2
2.685938E-1	9.765624E-3
2.170313E-1	7.421874E-3
1.660547E-1	5.078124E-3
1.168359E-1	2.734375E-3
7.054687E-2	0.000000E+0
2.367186E-2	-1.953125E-3
-2.144533E-2	-4.296875E-3
-6.656253E-2	-7.031249E-3
-1.146094E-1	-1.015625E-2
-1.650000E-1	-1.289062E-2
-2.153907E-1	-1.523437E-2
-2.657813E-1	-1.796875E-2
-3.150001E-1	-2.031250E-2
-3.583595E-1	-2.265625E-2
-3.999610E-1	-2.460937E-2
-4.450782E-1	-2.695312E-2
-4.896095E-1	-2.890625E-2
-5.288673E-1	-3.085937E-2
-5.669532E-1	-3.242187E-2
-6.032814E-1	-3.437500E-2
-6.390236E-1	-3.593750E-2
-6.724220E-1	-3.750000E-2
-7.023048E-1	-3.867187E-2
-7.292580E-1	-3.984375E-2
-7.503517E-1	-4.062500E-2
-7.655861E-1	-4.140625E-2
-7.778908E-1	-4.179687E-2
-7.890236E-1	-4.218750E-2
-7.978127E-1	-4.257812E-2
-8.036720E-1	-4.257812E-2
-8.083595E-1	-4.296875E-2
-8.112892E-1	-4.296875E-2
-8.136330E-1	-4.296875E-2
-8.142189E-1	-4.296875E-2
-8.112892E-1	-4.257812E-2
-8.030861E-1	-4.218750E-2
-7.878517E-1	-4.140625E-2
-7.679298E-1	-4.062500E-2
-7.456642E-1	-3.945312E-2
-7.198830E-1	-3.828125E-2
-6.917579E-1	-3.671875E-2
-6.636329E-1	-3.515625E-2
-6.290626E-1	-3.359375E-2
-5.927345E-1	-3.203125E-2
-5.528907E-1	-3.007812E-2
-5.130470E-1	-2.812500E-2
-4.714454E-1	-2.617187E-2
-4.280860E-1	-2.382812E-2
-3.806251E-1	-2.148437E-2
-3.290626E-1	-1.914062E-2
-2.751563E-1	-1.640625E-2
-2.212501E-1	-1.367187E-2
-1.702735E-1	-1.171875E-2
-1.210547E-1	-9.374999E-3
-7.417972E-2	-7.031249E-3
-2.730471E-2	-5.078124E-3
1.722655E-2	-2.734375E-3
6.175781E-2	0.000000E+0
1.086328E-1	3.515625E-3
1.590234E-1	6.640624E-3
2.094141E-1	8.984374E-3
2.598047E-1	1.132812E-2
3.066797E-1	1.367187E-2
3.500391E-1	1.562500E-2
3.928126E-1	1.796875E-2
4.385157E-1	1.992187E-2
4.830469E-1	2.187500E-2
5.228907E-1	2.382812E-2
5.598048E-1	2.578125E-2
5.961329E-1	2.734375E-2
6.318751E-1	2.929687E-2
6.664454E-1	3.046875E-2
6.969142E-1	3.203125E-2
7.250392E-1	3.320312E-2
7.449610E-1	3.437500E-2
7.613673E-1	3.515625E-2
7.742579E-1	3.554687E-2
7.848048E-1	3.593750E-2
7.930079E-1	3.593750E-2
8.000392E-1	3.632812E-2
8.041407E-1	3.632812E-2
8.070704E-1	3.671875E-2
8.094142E-1	3.671875E-2
8.105861E-1	3.632812E-2
8.064845E-1	3.632812E-2
7.965236E-1	3.554687E-2
7.824611E-1	3.515625E-2
7.619532E-1	3.398437E-2
7.385157E-1	3.281250E-2
7.109767E-1	3.125000E-2
6.834376E-1	3.007812E-2
6.535548E-1	2.851562E-2
6.207423E-1	2.695312E-2
5.844141E-1	2.500000E-2
5.457423E-1	2.304687E-2
5.064844E-1	2.109375E-2
4.648829E-1	1.914062E-2
4.215235E-1	1.679687E-2
3.723047E-1	1.445312E-2
3.189844E-1	1.210937E-2
2.656641E-1	9.765624E-3
2.135156E-1	7.031249E-3
1.619531E-1	4.687500E-3
1.127344E-1	2.343750E-3
6.703124E-2	0.000000E+0
2.015624E-2	-2.343750E-3
-2.437502E-2	-4.296875E-3
-7.066409E-2	-7.421874E-3
-1.187110E-1	-1.015625E-2
-1.691016E-1	-1.289062E-2
-2.194922E-1	-1.562500E-2
-2.698829E-1	-1.796875E-2
-3.179298E-1	-2.070312E-2
-3.618751E-1	-2.265625E-2
-4.046485E-1	-2.500000E-2
-4.497657E-1	-2.695312E-2
-4.925392E-1	-2.890625E-2
-5.317970E-1	-3.085937E-2
-5.692970E-1	-3.281250E-2
-6.050392E-1	-3.437500E-2
-6.407814E-1	-3.593750E-2
-6.735939E-1	-3.750000E-2
-7.034767E-1	-3.867187E-2
-7.310158E-1	-3.984375E-2
-7.515236E-1	-4.062500E-2
-7.661720E-1	-4.140625E-2
-7.790626E-1	-4.179687E-2
-7.896095E-1	-4.218750E-2
-7.978127E-1	-4.257812E-2
-8.036720E-1	-4.257812E-2
-8.083595E-1	-4.296875E-2
-8.124611E-1	-4.296875E-2
-8.142189E-1	-4.296875E-2
-8.142189E-1	-4.296875E-2
-8.107033E-1	-4.257812E-2
-8.019142E-1	-4.179687E-2
-7.866798E-1	-4.140625E-2
-7.661720E-1	-4.023437E-2
-7.439064E-1	-3.906250E-2
-7.181251E-1	-3.789062E-2
-6.905861E-1	-3.671875E-2
-6.618751E-1	-3.515625E-2
-6.278907E-1	-3.359375E-2
-5.898048E-1	-3.164062E-2
-5.493751E-1	-2.968750E-2
-5.095314E-1	-2.773437E-2
-4.696876E-1	-2.578125E-2
-4.263282E-1	-2.382812E-2
-3.782813E-1	-2.148437E-2
-3.255469E-1	-1.875000E-2
-2.716407E-1	-1.601562E-2
-2.177344E-1	-1.367187E-2
-1.667579E-1	-1.132812E-2
-1.181250E-1	-9.374999E-3
-7.242190E-2	-7.031249E-3
-2.496096E-2	-4.687500E-3
1.957030E-2	-2.343750E-3
6.410156E-2	3.906250E-4
1.115625E-1	3.515625E-3
1.619531E-1	6.640624E-3
2.129297E-1	8.984374E-3
2.621485E-1	1.132812E-2
3.101953E-1	1.367187E-2
3.535547E-1	1.562500E-2
3.969141E-1	1.796875E-2
4.426172E-1	1.992187E-2
4.859766E-1	2.226562E-2
5.264063E-1	2.421875E-2
5.621485E-1	2.578125E-2
5.984766E-1	2.734375E-2
6.342188E-1	2.929687E-2
6.676173E-1	3.085937E-2
6.986720E-1	3.203125E-2
7.256251E-1	3.359375E-2
7.461329E-1	3.437500E-2
7.625392E-1	3.515625E-2
7.748439E-1	3.554687E-2
7.853907E-1	3.593750E-2
7.935939E-1	3.632812E-2
8.000392E-1	3.632812E-2
8.047267E-1	3.632812E-2
8.076564E-1	3.671875E-2
8.094142E-1	3.671875E-2
8.100001E-1	3.632812E-2
8.058986E-1	3.632812E-2
7.959376E-1	3.554687E-2
7.807032E-1	3.476562E-2
7.601954E-1	3.398437E-2
7.367579E-1	3.281250E-2
7.103907E-1	3.125000E-2
6.828517E-1	3.007812E-2
6.517970E-1	2.851562E-2
6.178126E-1	2.656250E-2
5.808985E-1	2.460937E-2
5.428126E-1	2.265625E-2
5.023829E-1	2.070312E-2
4.625391E-1	1.875000E-2
4.197657E-1	1.679687E-2
3.693750E-1	1.445312E-2
3.154688E-1	1.171875E-2
2.615625E-1	9.374999E-3
2.094141E-1	7.031249E-3
1.584375E-1	4.296875E-3
1.098047E-1	1.953125E-3
6.410156E-2	-3.906250E-4
1.722655E-2	-2.343750E-3
-2.789065E-2	-4.687500E-3
-7.417972E-2	-7.421874E-3
-1.233985E-1	-1.054687E-2
-1.732032E-1	-1.328125E-2
-2.230079E-1	-1.562500E-2
-2.733985E-1	-1.835937E-2
-3.202735E-1	-2.070312E-2
-3.653907E-1	-2.304687E-2
-4.075782E-1	-2.500000E-2
-4.526954E-1	-2.734375E-2
-4.954689E-1	-2.929687E-2
-5.335548E-1	-3.125000E-2
-5.704689E-1	-3.281250E-2
-6.067970E-1	-3.437500E-2
-6.425392E-1	-3.593750E-2
-6.759376E-1	-3.750000E-2
-7.058204E-1	-3.867187E-2
-7.321876E-1	-3.984375E-2
-7.521095E-1	-4.101562E-2
-7.673439E-1	-4.140625E-2
-7.808205E-1	-4.179687E-2
-7.907814E-1	-4.218750E-2
-7.989845E-1	-4.257812E-2
-8.054298E-1	-4.296875E-2
-8.089455E-1	-4.296875E-2
-8.124611E-1	-4.296875E-2
-8.142189E-1	-4.296875E-2
-8.142189E-1	-4.296875E-2
-8.095314E-1	-4.257812E-2
-8.001564E-1	-4.218750E-2
-7.843361E-1	-4.140625E-2
-7.638283E-1	-4.023437E-2
-7.415626E-1	-3.906250E-2
-7.163673E-1	-3.789062E-2
-6.888283E-1	-3.671875E-2
-6.595314E-1	-3.515625E-2
-6.255470E-1	-3.359375E-2
-5.874611E-1	-3.164062E-2
-5.476173E-1	-2.968750E-2
-5.071876E-1	-2.773437E-2
-4.673438E-1	-2.578125E-2
-4.239845E-1	-2.382812E-2
-3.759376E-1	-2.148437E-2
-3.226173E-1	-1.875000E-2
-2.687110E-1	-1.601562E-2
-2.148047E-1	-1.367187E-2
-1.632422E-1	-1.132812E-2
-1.146094E-1	-9.374999E-3
-6.773440E-2	-7.031249E-3
-2.085940E-2	-4.687500E-3
2.308592E-2	-2.343750E-3
6.878906E-2	3.906250E-4
1.156641E-1	3.906250E-3
1.654688E-1	7.031249E-3
2.164453E-1	9.374999E-3
2.656641E-1	1.171875E-2
3.131250E-1	1.406250E-2
3.570704E-1	1.601562E-2
4.016016E-1	1.835937E-2
4.461329E-1	2.031250E-2
4.894923E-1	2.226562E-2
5.287501E-1	2.421875E-2
5.639063E-1	2.578125E-2
6.002345E-1	2.773437E-2
6.359767E-1	2.929687E-2
6.705470E-1	3.085937E-2
7.010157E-1	3.203125E-2
7.285548E-1	3.320312E-2
7.490626E-1	3.437500E-2
7.642970E-1	3.515625E-2
7.771876E-1	3.554687E-2
7.871486E-1	3.593750E-2
7.947657E-1	3.632812E-2
8.006251E-1	3.632812E-2
8.047267E-1	3.632812E-2
8.076564E-1	3.632812E-2
8.100001E-1	3.671875E-2
8.094142E-1	3.632812E-2
8.047267E-1	3.593750E-2
7.941798E-1	3.554687E-2
7.777736E-1	3.476562E-2
7.572657E-1	3.359375E-2
7.332423E-1	3.242187E-2
7.062892E-1	3.125000E-2
6.787501E-1	2.968750E-2
6.488673E-1	2.812500E-2
6.142970E-1	2.656250E-2
5.773829E-1	2.460937E-2
5.398829E-1	2.265625E-2
5.006251E-1	2.070312E-2
4.601954E-1	1.875000E-2
4.162501E-1	1.640625E-2
3.658594E-1	1.406250E-2
3.113672E-1	1.171875E-2
2.586328E-1	9.374999E-3
2.053125E-1	7.031249E-3
1.543359E-1	4.296875E-3
1.051172E-1	1.953125E-3
5.999999E-2	-3.906250E-4
1.253905E-2	-2.734375E-3
-3.257815E-2	-4.687500E-3
-7.828128E-2	-7.812499E-3
-1.269141E-1	-1.054687E-2
-1.767188E-1	-1.328125E-2
-2.271094E-1	-1.601562E-2
-2.780860E-1	-1.875000E-2
-3.255469E-1	-2.109375E-2
-3.700782E-1	-2.304687E-2
-4.122657E-1	-2.500000E-2
-4.567970E-1	-2.734375E-2
-4.989845E-1	-2.929687E-2
-5.364845E-1	-3.125000E-2
-5.733986E-1	-3.281250E-2
-6.097267E-1	-3.437500E-2
-6.460548E-1	-3.593750E-2
-6.782814E-1	-3.750000E-2
-7.075783E-1	-3.906250E-2
-7.333595E-1	-3.984375E-2
-7.538673E-1	-4.101562E-2
-7.685158E-1	-4.140625E-2
-7.808205E-1	-4.179687E-2
-7.907814E-1	-4.218750E-2
-7.983986E-1	-4.257812E-2
-8.042580E-1	-4.296875E-2
-8.083595E-1	-4.296875E-2
-8.112892E-1	-4.296875E-2
-8.130470E-1	-4.296875E-2
-8.136330E-1	-4.296875E-2
-8.089455E-1	-4.257812E-2
-7.995705E-1	-4.179687E-2
-7.825783E-1	-4.101562E-2
-7.626564E-1	-4.023437E-2
-7.392189E-1	-3.906250E-2
-7.134376E-1	-3.789062E-2
-6.858986E-1	-3.671875E-2
-6.554298E-1	-3.515625E-2
-6.196876E-1	-3.320312E-2
-5.821876E-1	-3.164062E-2
-5.423439E-1	-2.968750E-2
-5.030860E-1	-2.734375E-2
-4.632423E-1	-2.539062E-2
-4.192970E-1	-2.343750E-2
-3.712501E-1	-2.109375E-2
-3.167579E-1	-1.835937E-2
-2.628516E-1	-1.562500E-2
-2.095313E-1	-1.328125E-2
-1.591407E-1	-1.093750E-2
-1.110938E-1	-8.984374E-3
-6.421878E-2	-6.640624E-3
-1.675783E-2	-4.296875E-3
2.777343E-2	-1.953125E-3
7.230468E-2	7.812499E-4
1.191797E-1	4.296875E-3
1.695703E-1	7.031249E-3
2.199610E-1	9.765624E-3
2.697657E-1	1.210937E-2
3.166407E-1	1.406250E-2
3.611719E-1	1.601562E-2
4.045313E-1	1.835937E-2
4.490626E-1	2.031250E-2
4.912501E-1	2.265625E-2
5.305079E-1	2.421875E-2
5.656641E-1	2.617187E-2
6.031641E-1	2.773437E-2
6.389063E-1	2.929687E-2
6.723048E-1	3.085937E-2
7.033595E-1	3.242187E-2
7.303126E-1	3.359375E-2
7.502345E-1	3.437500E-2
7.654689E-1	3.515625E-2
7.771876E-1	3.554687E-2
7.877345E-1	3.593750E-2
7.953517E-1	3.632812E-2
8.006251E-1	3.632812E-2
8.053126E-1	3.632812E-2
8.082423E-1	3.671875E-2
8.100001E-1	3.671875E-2
8.100001E-1	3.671875E-2
8.041407E-1	3.632812E-2
7.935939E-1	3.554687E-2
7.777736E-1	3.476562E-2
7.578517E-1	3.359375E-2
7.332423E-1	3.242187E-2
7.062892E-1	3.125000E-2
6.769923E-1	2.968750E-2
6.459376E-1	2.812500E-2
6.107813E-1	2.617187E-2
5.738673E-1	2.421875E-2
5.369532E-1	2.265625E-2
4.965235E-1	2.070312E-2
4.566797E-1	1.835937E-2
4.133204E-1	1.640625E-2
3.623438E-1	1.406250E-2
3.078516E-1	1.171875E-2
2.545313E-1	9.374999E-3
2.029688E-1	6.640624E-3
1.514063E-1	4.296875E-3
1.033594E-1	1.953125E-3
5.765624E-2	-3.906250E-4
1.019530E-2	-2.734375E-3
-3.433596E-2	-5.078124E-3
-8.179691E-2	-7.812499E-3
-1.298438E-1	-1.093750E-2
-1.796485E-1	-1.328125E-2
-2.306251E-1	-1.601562E-2
-2.810157E-1	-1.875000E-2
-3.290626E-1	-2.109375E-2
-3.730079E-1	-2.304687E-2
-4.146095E-1	-2.539062E-2
-4.585548E-1	-2.734375E-2
-5.001564E-1	-2.929687E-2
-5.376564E-1	-3.125000E-2
-5.757423E-1	-3.281250E-2
-6.132423E-1	-3.437500E-2
-6.489845E-1	-3.593750E-2
-6.812111E-1	-3.750000E-2
-7.105080E-1	-3.906250E-2
-7.357033E-1	-3.984375E-2
-7.550392E-1	-4.101562E-2
-7.691017E-1	-4.140625E-2
-7.819923E-1	-4.179687E-2
-7.913673E-1	-4.218750E-2
-7.995705E-1	-4.257812E-2
-8.054298E-1	-4.257812E-2
-8.089455E-1	-4.296875E-2
-8.124611E-1	-4.296875E-2
-8.136330E-1	-4.296875E-2
-8.136330E-1	-4.257812E-2
-8.089455E-1	-4.257812E-2
-7.983986E-1	-4.179687E-2
-7.825783E-1	-4.101562E-2
-7.620705E-1	-4.023437E-2
-7.386330E-1	-3.906250E-2
-7.122658E-1	-3.789062E-2
-6.841408E-1	-3.632812E-2
-6.530861E-1	-3.476562E-2
-6.173439E-1	-3.320312E-2
-5.804298E-1	-3.125000E-2
-5.405860E-1	-2.929687E-2
-5.019142E-1	-2.734375E-2
-4.614845E-1	-2.539062E-2
-4.163673E-1	-2.343750E-2
-3.671485E-1	-2.109375E-2
-3.138282E-1	-1.835937E-2
-2.599219E-1	-1.562500E-2
-2.060157E-1	-1.328125E-2
-1.556250E-1	-1.093750E-2
-1.069922E-1	-8.593749E-3
-6.011721E-2	-6.640624E-3
-1.382814E-2	-4.296875E-3
3.070311E-2	-1.953125E-3
7.523437E-2	1.171875E-3
1.232813E-1	4.296875E-3
1.736719E-1	7.421874E-3
2.246485E-1	9.765624E-3
2.738672E-1	1.210937E-2
3.195704E-1	1.445312E-2
3.635157E-1	1.640625E-2
4.068751E-1	1.835937E-2
4.514063E-1	2.070312E-2
4.941798E-1	2.265625E-2
5.328516E-1	2.460937E-2
5.691798E-1	2.617187E-2
6.066798E-1	2.812500E-2
6.418360E-1	2.968750E-2
6.752345E-1	3.125000E-2
7.051173E-1	3.242187E-2
7.314845E-1	3.359375E-2
7.508204E-1	3.437500E-2
7.660548E-1	3.515625E-2
7.783595E-1	3.554687E-2
7.871486E-1	3.593750E-2
7.953517E-1	3.632812E-2
8.006251E-1	3.632812E-2
8.047267E-1	3.632812E-2
8.082423E-1	3.671875E-2
8.105861E-1	3.671875E-2
8.094142E-1	3.632812E-2
8.041407E-1	3.593750E-2
7.935939E-1	3.554687E-2
7.771876E-1	3.476562E-2
7.560939E-1	3.359375E-2
7.320704E-1	3.242187E-2
7.045314E-1	3.085937E-2
6.746485E-1	2.929687E-2
6.430079E-1	2.812500E-2
6.078516E-1	2.617187E-2
5.715235E-1	2.421875E-2
5.346094E-1	2.226562E-2
4.959376E-1	2.031250E-2
4.555079E-1	1.835937E-2
4.098047E-1	1.640625E-2
3.582422E-1	1.406250E-2
3.037500E-1	1.132812E-2
2.510157E-1	8.984374E-3
1.982813E-1	6.640624E-3
1.473047E-1	3.906250E-3
9.808594E-2	1.562500E-3
5.296874E-2	-7.812499E-4
6.093734E-3	-2.734375E-3
-3.843752E-2	-5.078124E-3
-8.648441E-2	-8.203124E-3
-1.339454E-1	-1.093750E-2
-1.849219E-1	-1.367187E-2
-2.358985E-1	-1.640625E-2
-2.862891E-1	-1.914062E-2
-3.325782E-1	-2.148437E-2
-3.759376E-1	-2.343750E-2
-4.175392E-1	-2.539062E-2
-4.632423E-1	-2.773437E-2
-5.048439E-1	-2.968750E-2
-5.429298E-1	-3.164062E-2
-5.804298E-1	-3.320312E-2
-6.179298E-1	-3.476562E-2
-6.530861E-1	-3.632812E-2
-6.841408E-1	-3.789062E-2
-7.122658E-1	-3.906250E-2
-7.374611E-1	-4.023437E-2
-7.556251E-1	-4.101562E-2
-7.702736E-1	-4.140625E-2
-7.819923E-1	-4.218750E-2
-7.919533E-1	-4.218750E-2
-7.995705E-1	-4.257812E-2
-8.054298E-1	-4.257812E-2
-8.089455E-1	-4.296875E-2
-8.118752E-1	-4.296875E-2
-8.136330E-1	-4.296875E-2
-8.130470E-1	-4.257812E-2
-8.077736E-1	-4.257812E-2
-7.972267E-1	-4.179687E-2
-7.802345E-1	-4.101562E-2
-7.597267E-1	-4.023437E-2
-7.362892E-1	-3.906250E-2
-7.099220E-1	-3.750000E-2
-6.812111E-1	-3.632812E-2
-6.495704E-1	-3.476562E-2
-6.144142E-1	-3.281250E-2
-5.775001E-1	-3.125000E-2
-5.382423E-1	-2.929687E-2
-4.995704E-1	-2.734375E-2
-4.585548E-1	-2.539062E-2
-4.128516E-1	-2.304687E-2
-3.630470E-1	-2.070312E-2
-3.091407E-1	-1.835937E-2
-2.558204E-1	-1.562500E-2
-2.019141E-1	-1.289062E-2
-1.521094E-1	-1.093750E-2
-1.034766E-1	-8.593749E-3
-5.718753E-2	-6.249999E-3
-1.031252E-2	-4.296875E-3
3.363280E-2	-1.953125E-3
7.875000E-2	1.171875E-3
1.262109E-1	4.296875E-3
1.777735E-1	7.421874E-3
2.287500E-1	9.765624E-3
2.773828E-1	1.210937E-2
3.236719E-1	1.445312E-2
3.658594E-1	1.640625E-2
4.092188E-1	1.835937E-2
4.543360E-1	2.070312E-2
4.971094E-1	2.265625E-2
5.369532E-1	2.460937E-2
5.738673E-1	2.617187E-2
6.101954E-1	2.812500E-2
6.453517E-1	2.968750E-2
6.781642E-1	3.125000E-2
7.074610E-1	3.242187E-2
7.326564E-1	3.359375E-2
7.514064E-1	3.437500E-2
7.654689E-1	3.515625E-2
7.777736E-1	3.554687E-2
7.877345E-1	3.593750E-2
7.947657E-1	3.632812E-2
8.006251E-1	3.632812E-2
8.047267E-1	3.632812E-2
8.070704E-1	3.671875E-2
8.100001E-1	3.632812E-2
8.088282E-1	3.632812E-2
8.029689E-1	3.593750E-2
7.912501E-1	3.554687E-2
7.748439E-1	3.437500E-2
7.531642E-1	3.359375E-2
7.285548E-1	3.242187E-2
7.010157E-1	3.085937E-2
6.717188E-1	2.929687E-2
6.389063E-1	2.773437E-2
6.043360E-1	2.578125E-2
5.680079E-1	2.421875E-2
5.310938E-1	2.226562E-2
4.912501E-1	2.031250E-2
4.502344E-1	1.835937E-2
4.045313E-1	1.601562E-2
3.535547E-1	1.367187E-2
2.990625E-1	1.132812E-2
2.463282E-1	8.984374E-3
1.941797E-1	6.249999E-3
1.443750E-1	3.906250E-3
9.574219E-2	1.562500E-3
5.003905E-2	-7.812499E-4
3.749984E-3	-2.734375E-3
-4.078127E-2	-5.078124E-3
-8.765628E-2	-8.203124E-3
-1.368750E-1	-1.132812E-2
-1.872657E-1	-1.367187E-2
-2.388282E-1	-1.640625E-2
-2.886329E-1	-1.914062E-2
-3.349219E-1	-2.148437E-2
-3.776954E-1	-2.343750E-2
-4.198829E-1	-2.539062E-2
-4.644142E-1	-2.734375E-2
-5.066017E-1	-2.968750E-2
-5.464454E-1	-3.164062E-2
-5.845314E-1	-3.320312E-2
-6.208595E-1	-3.476562E-2
-6.554298E-1	-3.632812E-2
-6.870704E-1	-3.789062E-2
-7.157814E-1	-3.906250E-2
-7.398048E-1	-4.023437E-2
-7.579689E-1	-4.101562E-2
-7.714455E-1	-4.140625E-2
-7.837502E-1	-4.179687E-2
-7.937111E-1	-4.218750E-2
-8.007423E-1	-4.257812E-2
-8.066017E-1	-4.257812E-2
-8.101173E-1	-4.257812E-2
-8.124611E-1	-4.296875E-2
-8.148048E-1	-4.296875E-2
-8.142189E-1	-4.257812E-2
-8.083595E-1	-4.218750E-2
-7.978127E-1	-4.179687E-2
-7.808205E-1	-4.101562E-2
-7.597267E-1	-3.984375E-2
-7.345314E-1	-3.867187E-2
-7.081642E-1	-3.750000E-2
-6.800392E-1	-3.593750E-2
-6.489845E-1	-3.437500E-2
-6.138282E-1	-3.281250E-2
-5.757423E-1	-3.085937E-2
-5.364845E-1	-2.890625E-2
-4.960548E-1	-2.695312E-2
-4.556251E-1	-2.500000E-2
-4.081641E-1	-2.304687E-2
-3.583595E-1	-2.031250E-2
-3.044532E-1	-1.796875E-2
-2.511329E-1	-1.523437E-2
-1.983985E-1	-1.289062E-2
-1.480079E-1	-1.054687E-2
-1.011328E-1	-8.593749E-3
-5.367190E-2	-6.249999E-3
-7.382830E-3	-3.906250E-3
3.656249E-2	-1.562500E-3
