X (Volt)	Y (Volt)
-1.028907E-1	-7.421874E-3
-5.601565E-2	-5.078124E-3
-1.031252E-2	-3.125000E-3
3.480468E-2	-1.171875E-3
7.933593E-2	1.562500E-3
1.279688E-1	4.296875E-3
1.777735E-1	6.640624E-3
2.281641E-1	8.984374E-3
2.767969E-1	1.132812E-2
3.230860E-1	1.328125E-2
3.658594E-1	1.523437E-2
4.098047E-1	1.718750E-2
4.531641E-1	1.953125E-2
4.953516E-1	2.148437E-2
5.328516E-1	2.304687E-2
5.685938E-1	2.500000E-2
6.060938E-1	2.656250E-2
6.412501E-1	2.812500E-2
6.740626E-1	2.968750E-2
7.033595E-1	3.125000E-2
7.291407E-1	3.203125E-2
7.478907E-1	3.281250E-2
7.625392E-1	3.359375E-2
7.742579E-1	3.398437E-2
7.842189E-1	3.437500E-2
7.924220E-1	3.476562E-2
7.976954E-1	3.476562E-2
8.017970E-1	3.515625E-2
8.047267E-1	3.515625E-2
8.058986E-1	3.515625E-2
8.053126E-1	3.476562E-2
7.994532E-1	3.437500E-2
7.877345E-1	3.398437E-2
7.701564E-1	3.320312E-2
7.490626E-1	3.203125E-2
7.244532E-1	3.085937E-2
6.969142E-1	2.929687E-2
6.687892E-1	2.773437E-2
6.371485E-1	2.617187E-2
6.025782E-1	2.460937E-2
5.662501E-1	2.265625E-2
5.293360E-1	2.070312E-2
4.900782E-1	1.875000E-2
4.490626E-1	1.679687E-2
4.039454E-1	1.484375E-2
3.523829E-1	1.250000E-2
2.978907E-1	1.015625E-2
2.457422E-1	7.812499E-3
1.930078E-1	5.078124E-3
1.432031E-1	2.734375E-3
9.515625E-2	3.906250E-4
5.062499E-2	-1.562500E-3
3.164046E-3	-3.515625E-3
-4.136721E-2	-5.859374E-3
-8.941409E-2	-8.593749E-3
-1.386329E-1	-1.093750E-2
-1.878516E-1	-1.328125E-2
-2.388282E-1	-1.562500E-2
-2.886329E-1	-1.796875E-2
-3.349219E-1	-2.031250E-2
-3.776954E-1	-2.226562E-2
-4.192970E-1	-2.421875E-2
-4.638282E-1	-2.617187E-2
-5.042579E-1	-2.812500E-2
-5.411720E-1	-2.968750E-2
-5.786720E-1	-3.164062E-2
-6.155861E-1	-3.320312E-2
-6.507423E-1	-3.476562E-2
-6.823829E-1	-3.632812E-2
-7.116798E-1	-3.750000E-2
-7.351173E-1	-3.867187E-2
-7.532814E-1	-3.945312E-2
-7.667580E-1	-3.984375E-2
-7.790626E-1	-4.023437E-2
-7.884377E-1	-4.062500E-2
-7.960548E-1	-4.062500E-2
-8.013283E-1	-4.101562E-2
-8.054298E-1	-4.101562E-2
-8.083595E-1	-4.101562E-2
-8.101173E-1	-4.101562E-2
-8.095314E-1	-4.101562E-2
-8.030861E-1	-4.062500E-2
-7.913673E-1	-4.023437E-2
-7.743751E-1	-3.945312E-2
-7.532814E-1	-3.828125E-2
-7.292580E-1	-3.710937E-2
-7.028908E-1	-3.593750E-2
-6.753517E-1	-3.437500E-2
-6.442970E-1	-3.281250E-2
-6.085548E-1	-3.125000E-2
-5.710548E-1	-2.929687E-2
-5.317970E-1	-2.734375E-2
-4.925392E-1	-2.539062E-2
-4.521095E-1	-2.343750E-2
-4.052345E-1	-2.109375E-2
-3.548438E-1	-1.875000E-2
-3.015235E-1	-1.601562E-2
-2.487891E-1	-1.367187E-2
-1.954688E-1	-1.171875E-2
-1.456641E-1	-9.374999E-3
-9.761722E-2	-7.031249E-3
-5.191409E-2	-5.078124E-3
-5.039080E-3	-3.125000E-3
4.007812E-2	-7.812499E-4
8.578125E-2	1.953125E-3
1.344141E-1	4.687500E-3
1.848047E-1	7.031249E-3
2.346094E-1	9.374999E-3
2.826563E-1	1.171875E-2
3.283594E-1	1.367187E-2
3.717188E-1	1.562500E-2
4.150782E-1	1.757812E-2
4.590235E-1	1.953125E-2
5.000391E-1	2.148437E-2
5.381251E-1	2.304687E-2
5.738673E-1	2.500000E-2
6.107813E-1	2.656250E-2
6.459376E-1	2.851562E-2
6.787501E-1	3.007812E-2
7.080470E-1	3.125000E-2
7.326564E-1	3.203125E-2
7.508204E-1	3.281250E-2
7.654689E-1	3.359375E-2
7.766017E-1	3.398437E-2
7.859767E-1	3.437500E-2
7.930079E-1	3.476562E-2
7.988673E-1	3.476562E-2
8.029689E-1	3.476562E-2
8.053126E-1	3.476562E-2
8.070704E-1	3.476562E-2
8.058986E-1	3.476562E-2
7.988673E-1	3.437500E-2
7.865626E-1	3.359375E-2
7.683986E-1	3.281250E-2
7.467189E-1	3.164062E-2
7.215235E-1	3.046875E-2
6.945704E-1	2.929687E-2
6.652735E-1	2.773437E-2
6.342188E-1	2.617187E-2
5.996485E-1	2.421875E-2
5.627345E-1	2.265625E-2
5.246485E-1	2.070312E-2
4.853907E-1	1.875000E-2
4.443751E-1	1.679687E-2
3.969141E-1	1.445312E-2
3.453516E-1	1.210937E-2
2.914453E-1	9.765624E-3
2.392969E-1	7.421874E-3
1.871485E-1	5.078124E-3
1.367578E-1	2.734375E-3
8.929687E-2	3.906250E-4
4.359374E-2	-1.953125E-3
-2.695330E-3	-3.906250E-3
-4.722659E-2	-6.249999E-3
-9.527347E-2	-8.593749E-3
-1.433204E-1	-1.093750E-2
-1.937110E-1	-1.328125E-2
-2.446876E-1	-1.562500E-2
-2.939063E-1	-1.796875E-2
-3.390235E-1	-2.031250E-2
-3.823829E-1	-2.226562E-2
-4.245704E-1	-2.421875E-2
-4.679298E-1	-2.617187E-2
-5.083595E-1	-2.812500E-2
-5.452735E-1	-2.968750E-2
-5.827736E-1	-3.164062E-2
-6.179298E-1	-3.320312E-2
-6.530861E-1	-3.476562E-2
-6.847267E-1	-3.632812E-2
-7.128517E-1	-3.750000E-2
-7.362892E-1	-3.828125E-2
-7.550392E-1	-3.906250E-2
-7.679298E-1	-3.984375E-2
-7.796486E-1	-4.023437E-2
-7.896095E-1	-4.062500E-2
-7.972267E-1	-4.062500E-2
-8.019142E-1	-4.101562E-2
-8.060158E-1	-4.101562E-2
-8.089455E-1	-4.101562E-2
-8.107033E-1	-4.101562E-2
-8.095314E-1	-4.101562E-2
-8.025002E-1	-4.062500E-2
-7.901955E-1	-3.984375E-2
-7.726173E-1	-3.906250E-2
-7.515236E-1	-3.789062E-2
-7.269142E-1	-3.671875E-2
-6.999611E-1	-3.554687E-2
-6.724220E-1	-3.437500E-2
-6.401954E-1	-3.242187E-2
-6.050392E-1	-3.085937E-2
-5.675392E-1	-2.890625E-2
-5.282814E-1	-2.695312E-2
-4.884376E-1	-2.539062E-2
-4.474220E-1	-2.343750E-2
-4.005470E-1	-2.109375E-2
-3.489845E-1	-1.835937E-2
-2.962501E-1	-1.601562E-2
-2.429297E-1	-1.367187E-2
-1.907813E-1	-1.132812E-2
-1.409766E-1	-9.374999E-3
-9.351566E-2	-7.031249E-3
-4.605471E-2	-4.687500E-3
-3.515792E-4	-2.734375E-3
4.417968E-2	-3.906250E-4
9.046875E-2	2.343750E-3
1.391016E-1	4.687500E-3
1.894922E-1	7.421874E-3
2.398828E-1	9.374999E-3
2.879297E-1	1.171875E-2
3.330469E-1	1.367187E-2
3.764063E-1	1.562500E-2
4.203516E-1	1.757812E-2
4.631251E-1	1.992187E-2
5.035548E-1	2.148437E-2
5.404688E-1	2.343750E-2
5.773829E-1	2.500000E-2
6.137110E-1	2.695312E-2
6.488673E-1	2.851562E-2
6.810938E-1	3.007812E-2
7.098048E-1	3.125000E-2
7.344142E-1	3.242187E-2
7.514064E-1	3.320312E-2
7.660548E-1	3.359375E-2
7.777736E-1	3.398437E-2
7.871486E-1	3.437500E-2
7.941798E-1	3.476562E-2
7.994532E-1	3.476562E-2
8.029689E-1	3.476562E-2
8.058986E-1	3.476562E-2
8.076564E-1	3.476562E-2
8.053126E-1	3.476562E-2
7.982814E-1	3.437500E-2
7.848048E-1	3.359375E-2
7.672267E-1	3.281250E-2
7.455470E-1	3.164062E-2
7.197657E-1	3.046875E-2
6.922267E-1	2.890625E-2
6.623438E-1	2.734375E-2
6.301173E-1	2.578125E-2
5.949610E-1	2.382812E-2
5.580470E-1	2.226562E-2
5.199610E-1	2.031250E-2
4.812891E-1	1.835937E-2
4.391016E-1	1.640625E-2
3.922266E-1	1.406250E-2
3.400782E-1	1.171875E-2
2.861719E-1	9.374999E-3
2.340235E-1	7.031249E-3
1.818750E-1	4.687500E-3
1.326563E-1	2.343750E-3
8.519531E-2	0.000000E+0
4.007812E-2	-1.953125E-3
-5.625018E-3	-4.296875E-3
-5.191409E-2	-6.640624E-3
-9.937503E-2	-8.984374E-3
-1.485938E-1	-1.132812E-2
-1.983985E-1	-1.367187E-2
-2.487891E-1	-1.601562E-2
-2.980079E-1	-1.835937E-2
-3.437110E-1	-2.070312E-2
-3.870704E-1	-2.265625E-2
-4.298438E-1	-2.460937E-2
-4.726173E-1	-2.656250E-2
-5.118751E-1	-2.851562E-2
-5.493751E-1	-3.007812E-2
-5.868751E-1	-3.203125E-2
-6.226173E-1	-3.359375E-2
-6.577736E-1	-3.515625E-2
-6.882423E-1	-3.632812E-2
-7.169533E-1	-3.789062E-2
-7.392189E-1	-3.867187E-2
-7.562111E-1	-3.945312E-2
-7.696876E-1	-3.984375E-2
-7.808205E-1	-4.023437E-2
-7.896095E-1	-4.062500E-2
-7.978127E-1	-4.101562E-2
-8.025002E-1	-4.101562E-2
-8.060158E-1	-4.101562E-2
-8.089455E-1	-4.101562E-2
-8.101173E-1	-4.101562E-2
-8.083595E-1	-4.101562E-2
-8.013283E-1	-4.062500E-2
-7.884377E-1	-3.984375E-2
-7.708595E-1	-3.906250E-2
-7.497658E-1	-3.789062E-2
-7.239845E-1	-3.671875E-2
-6.964454E-1	-3.554687E-2
-6.689064E-1	-3.398437E-2
-6.366798E-1	-3.242187E-2
-6.003517E-1	-3.085937E-2
-5.622657E-1	-2.890625E-2
-5.230079E-1	-2.695312E-2
-4.843360E-1	-2.500000E-2
-4.421485E-1	-2.304687E-2
-3.946876E-1	-2.070312E-2
-3.437110E-1	-1.835937E-2
-2.903907E-1	-1.562500E-2
-2.370704E-1	-1.328125E-2
-1.843360E-1	-1.132812E-2
-1.345313E-1	-8.984374E-3
-8.824222E-2	-6.640624E-3
-4.136721E-2	-4.687500E-3
4.335922E-3	-2.734375E-3
4.945312E-2	-3.906250E-4
9.574219E-2	2.343750E-3
1.443750E-1	5.078124E-3
1.953516E-1	7.421874E-3
2.451563E-1	9.765624E-3
2.926172E-1	1.210937E-2
3.377344E-1	1.406250E-2
3.799219E-1	1.601562E-2
4.238672E-1	1.796875E-2
4.678126E-1	1.992187E-2
5.076563E-1	2.187500E-2
5.451563E-1	2.382812E-2
5.814845E-1	2.539062E-2
6.183985E-1	2.695312E-2
6.529688E-1	2.890625E-2
6.851954E-1	3.007812E-2
7.139064E-1	3.164062E-2
7.373439E-1	3.242187E-2
7.543360E-1	3.320312E-2
7.678126E-1	3.359375E-2
7.795314E-1	3.398437E-2
7.883204E-1	3.437500E-2
7.953517E-1	3.476562E-2
8.006251E-1	3.476562E-2
8.035548E-1	3.476562E-2
8.058986E-1	3.476562E-2
8.070704E-1	3.476562E-2
8.053126E-1	3.476562E-2
7.976954E-1	3.437500E-2
7.842189E-1	3.359375E-2
7.654689E-1	3.242187E-2
7.426173E-1	3.164062E-2
7.168360E-1	3.046875E-2
6.892970E-1	2.890625E-2
6.600001E-1	2.734375E-2
6.271876E-1	2.578125E-2
5.920313E-1	2.382812E-2
5.551173E-1	2.226562E-2
5.170313E-1	2.031250E-2
4.771876E-1	1.835937E-2
4.350001E-1	1.640625E-2
3.869532E-1	1.406250E-2
3.330469E-1	1.171875E-2
2.797266E-1	9.374999E-3
2.287500E-1	6.640624E-3
1.760156E-1	4.296875E-3
1.267969E-1	1.953125E-3
7.992187E-2	0.000000E+0
3.421874E-2	-2.343750E-3
-1.207033E-2	-4.296875E-3
-5.777346E-2	-6.640624E-3
-1.058203E-1	-9.374999E-3
-1.550391E-1	-1.171875E-2
-2.048438E-1	-1.367187E-2
-2.546485E-1	-1.601562E-2
-3.038673E-1	-1.835937E-2
-3.495704E-1	-2.070312E-2
-3.917579E-1	-2.265625E-2
-4.345313E-1	-2.460937E-2
-4.778907E-1	-2.656250E-2
-5.165626E-1	-2.851562E-2
-5.540626E-1	-3.046875E-2
-5.915626E-1	-3.203125E-2
-6.278907E-1	-3.359375E-2
-6.618751E-1	-3.515625E-2
-6.923439E-1	-3.671875E-2
-7.204689E-1	-3.789062E-2
-7.421486E-1	-3.867187E-2
-7.585548E-1	-3.945312E-2
-7.708595E-1	-3.984375E-2
-7.819923E-1	-4.023437E-2
-7.907814E-1	-4.062500E-2
-7.978127E-1	-4.062500E-2
-8.036720E-1	-4.101562E-2
-8.060158E-1	-4.101562E-2
-8.089455E-1	-4.101562E-2
-8.095314E-1	-4.101562E-2
-8.077736E-1	-4.062500E-2
-7.995705E-1	-4.023437E-2
-7.866798E-1	-3.984375E-2
-7.679298E-1	-3.906250E-2
-7.462501E-1	-3.789062E-2
-7.204689E-1	-3.671875E-2
-6.935158E-1	-3.515625E-2
-6.653908E-1	-3.398437E-2
-6.319923E-1	-3.242187E-2
-5.962501E-1	-3.046875E-2
-5.575782E-1	-2.851562E-2
-5.189064E-1	-2.656250E-2
-4.796485E-1	-2.460937E-2
-4.368751E-1	-2.265625E-2
-3.900001E-1	-2.070312E-2
-3.378516E-1	-1.796875E-2
-2.845313E-1	-1.562500E-2
-2.306251E-1	-1.289062E-2
-1.784766E-1	-1.093750E-2
-1.298438E-1	-8.593749E-3
-8.296878E-2	-6.249999E-3
-3.609377E-2	-4.296875E-3
9.609360E-3	-2.343750E-3
5.531249E-2	0.000000E+0
1.004297E-1	2.734375E-3
1.502344E-1	5.468749E-3
2.012110E-1	7.812499E-3
2.510157E-1	1.015625E-2
2.984766E-1	1.210937E-2
3.430079E-1	1.406250E-2
3.851954E-1	1.640625E-2
4.303126E-1	1.835937E-2
4.730860E-1	2.031250E-2
5.129298E-1	2.226562E-2
5.498438E-1	2.382812E-2
5.861720E-1	2.539062E-2
6.225001E-1	2.734375E-2
6.576563E-1	2.890625E-2
6.887110E-1	3.046875E-2
7.162501E-1	3.164062E-2
7.385157E-1	3.242187E-2
7.555079E-1	3.320312E-2
7.683986E-1	3.359375E-2
7.795314E-1	3.437500E-2
7.883204E-1	3.476562E-2
7.959376E-1	3.476562E-2
8.006251E-1	3.476562E-2
8.035548E-1	3.515625E-2
8.064845E-1	3.515625E-2
8.070704E-1	3.476562E-2
8.035548E-1	3.476562E-2
7.959376E-1	3.437500E-2
7.812892E-1	3.359375E-2
7.625392E-1	3.242187E-2
7.396876E-1	3.125000E-2
7.127345E-1	3.007812E-2
6.851954E-1	2.851562E-2
6.558985E-1	2.734375E-2
6.236720E-1	2.539062E-2
5.879298E-1	2.382812E-2
5.504298E-1	2.187500E-2
5.123438E-1	1.992187E-2
4.719141E-1	1.796875E-2
4.297266E-1	1.601562E-2
3.805079E-1	1.367187E-2
3.266016E-1	1.132812E-2
2.738672E-1	8.984374E-3
2.217188E-1	6.640624E-3
1.695703E-1	4.296875E-3
1.203516E-1	1.562500E-3
7.464843E-2	-3.906250E-4
2.894530E-2	-2.734375E-3
-1.675783E-2	-4.687500E-3
-6.363284E-2	-7.031249E-3
-1.116797E-1	-9.374999E-3
-1.603125E-1	-1.210937E-2
-2.101172E-1	-1.406250E-2
-2.605079E-1	-1.640625E-2
-3.091407E-1	-1.875000E-2
-3.536720E-1	-2.109375E-2
-3.964454E-1	-2.304687E-2
-4.398048E-1	-2.500000E-2
-4.825782E-1	-2.695312E-2
-5.206642E-1	-2.890625E-2
-5.575782E-1	-3.046875E-2
-5.956642E-1	-3.203125E-2
-6.314064E-1	-3.359375E-2
-6.653908E-1	-3.515625E-2
-6.952736E-1	-3.671875E-2
-7.228126E-1	-3.789062E-2
-7.439064E-1	-3.867187E-2
-7.603126E-1	-3.945312E-2
-7.732033E-1	-4.023437E-2
-7.843361E-1	-4.023437E-2
-7.931252E-1	-4.062500E-2
-7.989845E-1	-4.101562E-2
-8.042580E-1	-4.101562E-2
-8.077736E-1	-4.101562E-2
-8.095314E-1	-4.101562E-2
-8.107033E-1	-4.101562E-2
-8.077736E-1	-4.062500E-2
-7.989845E-1	-4.023437E-2
-7.849220E-1	-3.945312E-2
-7.655861E-1	-3.867187E-2
-7.433205E-1	-3.750000E-2
-7.181251E-1	-3.632812E-2
-6.900001E-1	-3.515625E-2
-6.618751E-1	-3.359375E-2
-6.284767E-1	-3.203125E-2
-5.915626E-1	-3.007812E-2
-5.528907E-1	-2.812500E-2
-5.136329E-1	-2.617187E-2
-4.743751E-1	-2.460937E-2
-4.310157E-1	-2.265625E-2
-3.835548E-1	-2.031250E-2
-3.319923E-1	-1.757812E-2
-2.780860E-1	-1.523437E-2
-2.247657E-1	-1.289062E-2
-1.737891E-1	-1.054687E-2
-1.245704E-1	-8.593749E-3
-7.769534E-2	-6.249999E-3
-3.082033E-2	-4.296875E-3
1.429686E-2	-1.953125E-3
5.941406E-2	3.906250E-4
1.062891E-1	3.125000E-3
1.560938E-1	5.859374E-3
2.070703E-1	8.203124E-3
2.562891E-1	1.054687E-2
3.037500E-1	1.250000E-2
3.476954E-1	1.445312E-2
3.910547E-1	1.640625E-2
4.350001E-1	1.875000E-2
4.777735E-1	2.070312E-2
5.176173E-1	2.226562E-2
5.533595E-1	2.421875E-2
5.902735E-1	2.578125E-2
6.266017E-1	2.773437E-2
6.611720E-1	2.929687E-2
6.922267E-1	3.046875E-2
7.197657E-1	3.164062E-2
7.414454E-1	3.281250E-2
7.578517E-1	3.320312E-2
7.707423E-1	3.398437E-2
7.812892E-1	3.437500E-2
7.894923E-1	3.476562E-2
7.959376E-1	3.476562E-2
8.012111E-1	3.476562E-2
8.047267E-1	3.515625E-2
8.070704E-1	3.515625E-2
8.076564E-1	3.515625E-2
8.035548E-1	3.476562E-2
7.947657E-1	3.398437E-2
7.801173E-1	3.359375E-2
7.601954E-1	3.242187E-2
7.373439E-1	3.125000E-2
7.103907E-1	3.007812E-2
6.828517E-1	2.851562E-2
6.523829E-1	2.695312E-2
6.195704E-1	2.539062E-2
5.838282E-1	2.343750E-2
5.463282E-1	2.187500E-2
5.076563E-1	1.992187E-2
4.678126E-1	1.796875E-2
4.244532E-1	1.562500E-2
3.752344E-1	1.367187E-2
3.225000E-1	1.132812E-2
2.680078E-1	8.593749E-3
2.158594E-1	6.249999E-3
1.642969E-1	3.906250E-3
1.150781E-1	1.562500E-3
6.937500E-2	-7.812499E-4
2.367186E-2	-2.734375E-3
-2.320315E-2	-5.078124E-3
-6.949222E-2	-7.421874E-3
-1.169532E-1	-9.765624E-3
-1.673438E-1	-1.210937E-2
-2.177344E-1	-1.445312E-2
-2.669532E-1	-1.679687E-2
-3.144141E-1	-1.914062E-2
-3.589454E-1	-2.109375E-2
-4.011329E-1	-2.343750E-2
-4.444923E-1	-2.539062E-2
-4.866798E-1	-2.734375E-2
-5.247657E-1	-2.890625E-2
-5.622657E-1	-3.085937E-2
-5.991798E-1	-3.242187E-2
-6.349220E-1	-3.398437E-2
-6.683204E-1	-3.554687E-2
-6.976173E-1	-3.671875E-2
-7.245705E-1	-3.789062E-2
-7.450783E-1	-3.906250E-2
-7.608986E-1	-3.945312E-2
-7.737892E-1	-4.023437E-2
-7.843361E-1	-4.062500E-2
-7.931252E-1	-4.062500E-2
-7.995705E-1	-4.101562E-2
-8.042580E-1	-4.101562E-2
-8.077736E-1	-4.101562E-2
-8.095314E-1	-4.101562E-2
-8.101173E-1	-4.101562E-2
-8.066017E-1	-4.101562E-2
-7.978127E-1	-4.023437E-2
-7.825783E-1	-3.945312E-2
-7.632423E-1	-3.867187E-2
-7.403908E-1	-3.750000E-2
-7.146095E-1	-3.632812E-2
-6.882423E-1	-3.515625E-2
-6.583595E-1	-3.359375E-2
-6.237892E-1	-3.164062E-2
-5.874611E-1	-3.007812E-2
-5.487892E-1	-2.812500E-2
-5.095314E-1	-2.617187E-2
-4.696876E-1	-2.421875E-2
-4.263282E-1	-2.226562E-2
-3.788673E-1	-1.992187E-2
-3.255469E-1	-1.718750E-2
-2.728126E-1	-1.484375E-2
-2.194922E-1	-1.250000E-2
-1.685157E-1	-1.015625E-2
-1.187110E-1	-8.203124E-3
-7.300784E-2	-5.859374E-3
-2.554690E-2	-3.906250E-3
1.957030E-2	-1.562500E-3
6.468749E-2	7.812499E-4
1.103906E-1	3.515625E-3
1.601953E-1	5.859374E-3
2.100000E-1	8.203124E-3
2.592188E-1	1.054687E-2
3.066797E-1	1.250000E-2
3.506250E-1	1.445312E-2
3.939844E-1	1.640625E-2
4.379297E-1	1.875000E-2
4.801173E-1	2.070312E-2
5.193751E-1	2.265625E-2
5.562891E-1	2.421875E-2
5.926173E-1	2.578125E-2
6.289454E-1	2.773437E-2
6.629298E-1	2.929687E-2
6.933985E-1	3.046875E-2
7.209376E-1	3.203125E-2
7.426173E-1	3.281250E-2
7.578517E-1	3.320312E-2
7.707423E-1	3.398437E-2
7.812892E-1	3.437500E-2
7.900782E-1	3.476562E-2
7.965236E-1	3.476562E-2
8.006251E-1	3.476562E-2
8.035548E-1	3.476562E-2
8.058986E-1	3.476562E-2
8.058986E-1	3.476562E-2
8.017970E-1	3.476562E-2
7.924220E-1	3.398437E-2
7.771876E-1	3.320312E-2
7.572657E-1	3.242187E-2
7.338282E-1	3.125000E-2
7.068751E-1	3.007812E-2
6.787501E-1	2.851562E-2
6.482813E-1	2.695312E-2
6.154688E-1	2.500000E-2
5.797266E-1	2.343750E-2
5.428126E-1	2.148437E-2
5.041407E-1	1.953125E-2
4.642969E-1	1.757812E-2
4.197657E-1	1.562500E-2
3.699610E-1	1.328125E-2
3.160547E-1	1.093750E-2
2.621485E-1	8.593749E-3
2.111719E-1	5.859374E-3
1.596094E-1	3.515625E-3
1.103906E-1	1.171875E-3
6.527343E-2	-1.171875E-3
1.898436E-2	-3.125000E-3
-2.671877E-2	-5.078124E-3
-7.359378E-2	-7.421874E-3
-1.210547E-1	-1.015625E-2
-1.714454E-1	-1.250000E-2
-2.218360E-1	-1.484375E-2
-2.716407E-1	-1.679687E-2
-3.191016E-1	-1.953125E-2
-3.630470E-1	-2.148437E-2
-4.046485E-1	-2.343750E-2
-4.485938E-1	-2.539062E-2
-4.901954E-1	-2.734375E-2
-5.282814E-1	-2.929687E-2
-5.651954E-1	-3.085937E-2
-6.026954E-1	-3.281250E-2
-6.384376E-1	-3.437500E-2
-6.718361E-1	-3.554687E-2
-7.011329E-1	-3.710937E-2
-7.275001E-1	-3.828125E-2
-7.468361E-1	-3.906250E-2
-7.620705E-1	-3.984375E-2
-7.749611E-1	-4.023437E-2
-7.855080E-1	-4.062500E-2
-7.942970E-1	-4.062500E-2
-8.007423E-1	-4.101562E-2
-8.054298E-1	-4.101562E-2
-8.077736E-1	-4.101562E-2
-8.095314E-1	-4.101562E-2
-8.101173E-1	-4.101562E-2
-8.060158E-1	-4.062500E-2
-7.960548E-1	-4.023437E-2
-7.802345E-1	-3.945312E-2
-7.608986E-1	-3.867187E-2
-7.374611E-1	-3.750000E-2
-7.116798E-1	-3.632812E-2
-6.841408E-1	-3.476562E-2
-6.548439E-1	-3.320312E-2
-6.214454E-1	-3.164062E-2
-5.845314E-1	-2.968750E-2
-5.452735E-1	-2.773437E-2
-5.054298E-1	-2.578125E-2
-4.655860E-1	-2.421875E-2
-4.210548E-1	-2.226562E-2
-3.724220E-1	-1.992187E-2
-3.196876E-1	-1.718750E-2
-2.669532E-1	-1.445312E-2
-2.130469E-1	-1.210937E-2
-1.626563E-1	-1.015625E-2
-1.134375E-1	-7.812499E-3
-6.714847E-2	-5.859374E-3
-2.027346E-2	-3.515625E-3
2.425780E-2	-1.562500E-3
6.937500E-2	7.812499E-4
1.168359E-1	3.515625E-3
1.660547E-1	6.249999E-3
2.170313E-1	8.593749E-3
2.662500E-1	1.093750E-2
3.131250E-1	1.289062E-2
3.564844E-1	1.484375E-2
3.992579E-1	1.679687E-2
4.437891E-1	1.914062E-2
4.859766E-1	2.109375E-2
5.240626E-1	2.265625E-2
5.615626E-1	2.421875E-2
5.978907E-1	2.617187E-2
6.330470E-1	2.773437E-2
6.676173E-1	2.929687E-2
6.980860E-1	3.085937E-2
7.244532E-1	3.203125E-2
7.449610E-1	3.281250E-2
7.607814E-1	3.359375E-2
7.725001E-1	3.398437E-2
7.830470E-1	3.437500E-2
7.906642E-1	3.476562E-2
7.976954E-1	3.476562E-2
8.017970E-1	3.476562E-2
8.041407E-1	3.476562E-2
8.064845E-1	3.476562E-2
8.064845E-1	3.476562E-2
8.023829E-1	3.437500E-2
7.912501E-1	3.398437E-2
7.760157E-1	3.320312E-2
7.549220E-1	3.242187E-2
7.308985E-1	3.125000E-2
7.039454E-1	2.968750E-2
6.758204E-1	2.812500E-2
6.459376E-1	2.656250E-2
6.125392E-1	2.500000E-2
5.756251E-1	2.304687E-2
5.387110E-1	2.148437E-2
4.988673E-1	1.953125E-2
4.590235E-1	1.757812E-2
4.139063E-1	1.523437E-2
3.635157E-1	1.289062E-2
3.090235E-1	1.054687E-2
2.557032E-1	8.203124E-3
2.035547E-1	5.859374E-3
1.525781E-1	3.125000E-3
1.039453E-1	1.171875E-3
5.882812E-2	-1.171875E-3
1.253905E-2	-3.125000E-3
-3.316408E-2	-5.468749E-3
-8.062503E-2	-7.812499E-3
-1.286719E-1	-1.054687E-2
-1.790625E-1	-1.250000E-2
-2.294532E-1	-1.484375E-2
-2.792579E-1	-1.718750E-2
-3.261329E-1	-1.953125E-2
-3.694923E-1	-2.187500E-2
-4.110938E-1	-2.382812E-2
-4.556251E-1	-2.578125E-2
-4.966407E-1	-2.773437E-2
-5.341407E-1	-2.929687E-2
-5.722267E-1	-3.125000E-2
-6.085548E-1	-3.281250E-2
-6.437111E-1	-3.437500E-2
-6.765236E-1	-3.593750E-2
-7.058204E-1	-3.710937E-2
-7.304298E-1	-3.828125E-2
-7.497658E-1	-3.906250E-2
-7.644142E-1	-3.945312E-2
-7.761330E-1	-4.023437E-2
-7.860939E-1	-4.062500E-2
-7.942970E-1	-4.062500E-2
-8.001564E-1	-4.101562E-2
-8.048439E-1	-4.101562E-2
-8.083595E-1	-4.101562E-2
-8.101173E-1	-4.101562E-2
-8.095314E-1	-4.101562E-2
-8.048439E-1	-4.062500E-2
-7.942970E-1	-4.023437E-2
-7.778908E-1	-3.945312E-2
-7.579689E-1	-3.867187E-2
-7.345314E-1	-3.710937E-2
-7.075783E-1	-3.593750E-2
-6.806251E-1	-3.476562E-2
-6.513283E-1	-3.320312E-2
-6.167579E-1	-3.164062E-2
-5.798439E-1	-2.968750E-2
-5.405860E-1	-2.773437E-2
-5.007423E-1	-2.578125E-2
-4.603126E-1	-2.382812E-2
-4.157813E-1	-2.187500E-2
-3.677345E-1	-1.953125E-2
-3.144141E-1	-1.679687E-2
-2.605079E-1	-1.445312E-2
-2.071876E-1	-1.210937E-2
-1.562110E-1	-9.765624E-3
-1.075782E-1	-7.421874E-3
-6.070315E-2	-5.468749E-3
-1.500002E-2	-3.515625E-3
2.953124E-2	-1.171875E-3
7.523437E-2	1.171875E-3
1.226953E-1	3.906250E-3
1.730860E-1	6.640624E-3
2.234766E-1	8.984374E-3
2.721094E-1	1.093750E-2
3.189844E-1	1.328125E-2
3.629297E-1	1.523437E-2
4.057032E-1	1.718750E-2
4.496485E-1	1.914062E-2
4.912501E-1	2.109375E-2
5.293360E-1	2.304687E-2
5.656641E-1	2.460937E-2
6.025782E-1	2.617187E-2
6.383204E-1	2.812500E-2
6.723048E-1	2.968750E-2
7.021876E-1	3.085937E-2
7.279689E-1	3.203125E-2
7.467189E-1	3.281250E-2
7.619532E-1	3.359375E-2
7.736720E-1	3.398437E-2
7.842189E-1	3.437500E-2
7.918361E-1	3.476562E-2
7.976954E-1	3.476562E-2
8.017970E-1	3.515625E-2
8.047267E-1	3.515625E-2
8.064845E-1	3.515625E-2
8.058986E-1	3.476562E-2
8.000392E-1	3.476562E-2
7.894923E-1	3.398437E-2
7.736720E-1	3.320312E-2
7.525782E-1	3.203125E-2
7.279689E-1	3.085937E-2
7.010157E-1	2.968750E-2
6.723048E-1	2.812500E-2
6.412501E-1	2.656250E-2
6.066798E-1	2.460937E-2
5.703516E-1	2.304687E-2
5.334376E-1	2.109375E-2
4.947657E-1	1.914062E-2
4.537501E-1	1.718750E-2
4.086329E-1	1.523437E-2
3.576563E-1	1.289062E-2
3.037500E-1	1.054687E-2
2.504297E-1	7.812499E-3
1.982813E-1	5.468749E-3
1.473047E-1	3.125000E-3
9.925781E-2	7.812499E-4
5.414062E-2	-1.562500E-3
7.851547E-3	-3.515625E-3
-3.785159E-2	-5.859374E-3
-8.531253E-2	-8.203124E-3
-1.339454E-1	-1.054687E-2
-1.843360E-1	-1.289062E-2
-2.347266E-1	-1.523437E-2
-2.845313E-1	-1.757812E-2
-3.314063E-1	-1.992187E-2
-3.741798E-1	-2.187500E-2
-4.151954E-1	-2.382812E-2
-4.597267E-1	-2.578125E-2
-5.007423E-1	-2.773437E-2
-5.382423E-1	-2.968750E-2
-5.757423E-1	-3.125000E-2
-6.126564E-1	-3.281250E-2
-6.483986E-1	-3.476562E-2
-6.806251E-1	-3.593750E-2
-7.087501E-1	-3.750000E-2
-7.339455E-1	-3.828125E-2
-7.521095E-1	-3.906250E-2
-7.661720E-1	-3.984375E-2
-7.778908E-1	-4.023437E-2
-7.890236E-1	-4.062500E-2
-7.966408E-1	-4.062500E-2
-8.019142E-1	-4.101562E-2
-8.054298E-1	-4.101562E-2
-8.083595E-1	-4.101562E-2
-8.101173E-1	-4.101562E-2
-8.095314E-1	-4.101562E-2
-8.042580E-1	-4.062500E-2
-7.931252E-1	-4.023437E-2
-7.767189E-1	-3.945312E-2
-7.562111E-1	-3.828125E-2
-7.316017E-1	-3.710937E-2
-7.052345E-1	-3.593750E-2
-6.776954E-1	-3.437500E-2
-6.472267E-1	-3.281250E-2
-6.120704E-1	-3.125000E-2
-5.745704E-1	-2.929687E-2
-5.353126E-1	-2.734375E-2
-4.966407E-1	-2.539062E-2
-4.562110E-1	-2.343750E-2
-4.105079E-1	-2.148437E-2
-3.601173E-1	-1.914062E-2
-3.079688E-1	-1.640625E-2
-2.534766E-1	-1.406250E-2
-2.007422E-1	-1.171875E-2
-1.503516E-1	-9.374999E-3
-1.028907E-1	-7.031249E-3
-5.601565E-2	-5.078124E-3
-9.726581E-3	-3.125000E-3
3.480468E-2	-7.812499E-4
8.050781E-2	1.562500E-3
1.279688E-1	4.296875E-3
1.783594E-1	7.031249E-3
2.287500E-1	9.374999E-3
2.767969E-1	1.132812E-2
3.230860E-1	1.328125E-2
3.664454E-1	1.523437E-2
4.098047E-1	1.757812E-2
4.543360E-1	1.953125E-2
4.959376E-1	2.148437E-2
5.340235E-1	2.304687E-2
5.697657E-1	2.500000E-2
6.060938E-1	2.656250E-2
6.418360E-1	2.812500E-2
6.746485E-1	2.968750E-2
7.051173E-1	3.125000E-2
7.303126E-1	3.242187E-2
7.484767E-1	3.320312E-2
7.631251E-1	3.359375E-2
7.754298E-1	3.398437E-2
7.848048E-1	3.437500E-2
7.930079E-1	3.476562E-2
7.988673E-1	3.476562E-2
8.029689E-1	3.515625E-2
8.053126E-1	3.515625E-2
8.070704E-1	3.515625E-2
8.058986E-1	3.476562E-2
8.000392E-1	3.437500E-2
7.877345E-1	3.398437E-2
7.707423E-1	3.320312E-2
7.502345E-1	3.203125E-2
7.256251E-1	3.085937E-2
6.980860E-1	2.968750E-2
6.693751E-1	2.812500E-2
6.371485E-1	2.656250E-2
6.031641E-1	2.460937E-2
5.662501E-1	2.265625E-2
5.293360E-1	2.070312E-2
4.900782E-1	1.875000E-2
4.490626E-1	1.679687E-2
4.033594E-1	1.484375E-2
3.512110E-1	1.250000E-2
2.978907E-1	1.015625E-2
2.451563E-1	7.812499E-3
1.924219E-1	5.078124E-3
1.420313E-1	2.734375E-3
9.398437E-2	3.906250E-4
4.886718E-2	-1.562500E-3
2.578109E-3	-3.906250E-3
-4.253909E-2	-5.859374E-3
-9.058597E-2	-8.593749E-3
-1.398047E-1	-1.093750E-2
-1.901954E-1	-1.328125E-2
-2.405860E-1	-1.562500E-2
-2.898048E-1	-1.796875E-2
-3.360938E-1	-2.031250E-2
-3.788673E-1	-2.226562E-2
-4.216407E-1	-2.421875E-2
-4.650001E-1	-2.617187E-2
-5.048439E-1	-2.812500E-2
-5.423439E-1	-2.968750E-2
-5.792579E-1	-3.164062E-2
-6.155861E-1	-3.320312E-2
-6.513283E-1	-3.476562E-2
-6.829689E-1	-3.593750E-2
-7.116798E-1	-3.750000E-2
-7.362892E-1	-3.828125E-2
-7.544533E-1	-3.945312E-2
-7.673439E-1	-3.984375E-2
-7.796486E-1	-4.023437E-2
-7.896095E-1	-4.062500E-2
-7.972267E-1	-4.062500E-2
-8.025002E-1	-4.101562E-2
-8.060158E-1	-4.101562E-2
-8.083595E-1	-4.101562E-2
-8.107033E-1	-4.101562E-2
-8.095314E-1	-4.101562E-2
-8.030861E-1	-4.062500E-2
-7.913673E-1	-3.984375E-2
-7.737892E-1	-3.906250E-2
-7.532814E-1	-3.828125E-2
-7.280861E-1	-3.710937E-2
-7.017189E-1	-3.554687E-2
-6.747658E-1	-3.437500E-2
-6.437111E-1	-3.281250E-2
-6.085548E-1	-3.125000E-2
-5.710548E-1	-2.929687E-2
-5.317970E-1	-2.734375E-2
-4.919532E-1	-2.539062E-2
-4.515235E-1	-2.343750E-2
-4.046485E-1	-2.148437E-2
-3.548438E-1	-1.875000E-2
-3.021094E-1	-1.601562E-2
-2.476172E-1	-1.367187E-2
-1.948829E-1	-1.132812E-2
-1.444922E-1	-9.374999E-3
-9.703128E-2	-7.031249E-3
