X (Volt)	Y (Volt)
8.929687E-2	0.000000E+0
1.238672E-1	2.304687E-2
1.613672E-1	4.765625E-2
2.047266E-1	7.226562E-2
2.527735E-1	9.687499E-2
3.096094E-1	1.203125E-1
3.758204E-1	1.441406E-1
4.414454E-1	1.652344E-1
5.041407E-1	1.851562E-1
5.621485E-1	2.011719E-1
6.148829E-1	2.156250E-1
6.611720E-1	2.273437E-1
7.004298E-1	2.371094E-1
7.314845E-1	2.457031E-1
7.560939E-1	2.523437E-1
7.760157E-1	2.574218E-1
7.924220E-1	2.613281E-1
8.053126E-1	2.644531E-1
8.146876E-1	2.671875E-1
8.217189E-1	2.691406E-1
8.275782E-1	2.703125E-1
8.310939E-1	2.714843E-1
8.305079E-1	2.722656E-1
8.246486E-1	2.718750E-1
8.135157E-1	2.707031E-1
7.971095E-1	2.691406E-1
7.760157E-1	2.667968E-1
7.514064E-1	2.636718E-1
7.250392E-1	2.605468E-1
6.951564E-1	2.566406E-1
6.635157E-1	2.523437E-1
6.283595E-1	2.476562E-1
5.914454E-1	2.417969E-1
5.533595E-1	2.359375E-1
5.141016E-1	2.296875E-1
4.719141E-1	2.230469E-1
4.238672E-1	2.156250E-1
3.734766E-1	2.058594E-1
3.219141E-1	1.960937E-1
2.732813E-1	1.851562E-1
2.281641E-1	1.722656E-1
1.848047E-1	1.585937E-1
1.443750E-1	1.449219E-1
1.086328E-1	1.296875E-1
7.992187E-2	1.136719E-1
5.531249E-2	9.726562E-2
2.835936E-2	7.890624E-2
-9.375168E-4	5.937499E-2
-3.199221E-2	3.789062E-2
-6.539065E-2	1.484375E-2
-9.937503E-2	-7.421874E-3
-1.345313E-1	-3.046875E-2
-1.726172E-1	-5.468749E-2
-2.159766E-1	-8.007812E-2
-2.640235E-1	-1.050781E-1
-3.214454E-1	-1.296875E-1
-3.847266E-1	-1.519531E-1
-4.485938E-1	-1.734375E-1
-5.107032E-1	-1.921875E-1
-5.687111E-1	-2.085937E-1
-6.220314E-1	-2.230469E-1
-6.683204E-1	-2.355469E-1
-7.046486E-1	-2.460937E-1
-7.357033E-1	-2.542968E-1
-7.591408E-1	-2.605468E-1
-7.784767E-1	-2.656250E-1
-7.954689E-1	-2.695312E-1
-8.083595E-1	-2.730468E-1
-8.171486E-1	-2.757812E-1
-8.247658E-1	-2.777343E-1
-8.306252E-1	-2.789062E-1
-8.347267E-1	-2.800781E-1
-8.347267E-1	-2.804687E-1
-8.282814E-1	-2.804687E-1
-8.165627E-1	-2.792968E-1
-8.007423E-1	-2.777343E-1
-7.790626E-1	-2.753906E-1
-7.550392E-1	-2.722656E-1
-7.280861E-1	-2.687500E-1
-6.987892E-1	-2.648437E-1
-6.677345E-1	-2.605468E-1
-6.325782E-1	-2.554687E-1
-5.944923E-1	-2.500000E-1
-5.552345E-1	-2.437500E-1
-5.153907E-1	-2.375000E-1
-4.737892E-1	-2.300781E-1
-4.257423E-1	-2.218750E-1
-3.771095E-1	-2.125000E-1
-3.273048E-1	-2.019531E-1
-2.786719E-1	-1.906250E-1
-2.317969E-1	-1.781250E-1
-1.884375E-1	-1.644531E-1
-1.497657E-1	-1.503906E-1
-1.151953E-1	-1.359375E-1
-8.648441E-2	-1.203125E-1
-5.953128E-2	-1.031250E-1
-3.257815E-2	-8.437499E-2
-3.281267E-3	-6.406249E-2
2.835936E-2	-4.218750E-2
6.058593E-2	-1.992187E-2
9.339844E-2	2.734375E-3
1.285547E-1	2.617187E-2
1.672266E-1	5.078124E-2
2.105860E-1	7.499999E-2
2.586328E-1	9.999999E-2
3.178125E-1	1.234375E-1
3.840235E-1	1.468750E-1
4.496485E-1	1.679687E-1
5.123438E-1	1.875000E-1
5.691798E-1	2.031250E-1
6.207423E-1	2.175781E-1
6.664454E-1	2.289062E-1
7.045314E-1	2.386719E-1
7.350001E-1	2.468750E-1
7.590236E-1	2.531250E-1
7.783595E-1	2.578125E-1
7.947657E-1	2.621093E-1
8.070704E-1	2.652343E-1
8.164454E-1	2.675781E-1
8.234767E-1	2.695312E-1
8.287501E-1	2.707031E-1
8.316798E-1	2.718750E-1
8.310939E-1	2.722656E-1
8.240626E-1	2.718750E-1
8.129298E-1	2.707031E-1
7.959376E-1	2.691406E-1
7.736720E-1	2.664062E-1
7.490626E-1	2.636718E-1
7.215235E-1	2.601562E-1
6.910548E-1	2.562500E-1
6.582423E-1	2.515625E-1
6.242579E-1	2.468750E-1
5.861720E-1	2.410156E-1
5.475001E-1	2.351562E-1
5.088282E-1	2.289062E-1
4.660548E-1	2.222656E-1
4.180079E-1	2.140625E-1
3.670313E-1	2.042969E-1
3.160547E-1	1.949219E-1
2.680078E-1	1.832031E-1
2.223047E-1	1.703125E-1
1.783594E-1	1.570312E-1
1.391016E-1	1.429687E-1
1.045313E-1	1.277344E-1
7.582031E-2	1.113281E-1
5.121093E-2	9.531249E-2
2.484374E-2	7.656249E-2
-4.453142E-3	5.703124E-2
-3.550784E-2	3.515625E-2
-6.949222E-2	1.250000E-2
-1.034766E-1	-1.015625E-2
-1.392188E-1	-3.359375E-2
-1.778907E-1	-5.781249E-2
-2.218360E-1	-8.320312E-2
-2.716407E-1	-1.082031E-1
-3.296485E-1	-1.324219E-1
-3.929298E-1	-1.546875E-1
-4.573829E-1	-1.757812E-1
-5.183204E-1	-1.945312E-1
-5.763282E-1	-2.105469E-1
-6.290626E-1	-2.250000E-1
-6.735939E-1	-2.371094E-1
-7.087501E-1	-2.468750E-1
-7.386330E-1	-2.550781E-1
-7.626564E-1	-2.613281E-1
-7.814064E-1	-2.660156E-1
-7.966408E-1	-2.703125E-1
-8.089455E-1	-2.734375E-1
-8.183205E-1	-2.757812E-1
-8.259377E-1	-2.777343E-1
-8.317970E-1	-2.792968E-1
-8.347267E-1	-2.800781E-1
-8.341408E-1	-2.804687E-1
-8.271095E-1	-2.804687E-1
-8.148048E-1	-2.792968E-1
-7.983986E-1	-2.773437E-1
-7.755470E-1	-2.750000E-1
-7.515236E-1	-2.718750E-1
-7.251564E-1	-2.683593E-1
-6.952736E-1	-2.644531E-1
-6.642189E-1	-2.597656E-1
-6.284767E-1	-2.550781E-1
-5.909767E-1	-2.492187E-1
-5.517189E-1	-2.433594E-1
-5.107032E-1	-2.363281E-1
-4.685157E-1	-2.292969E-1
-4.198829E-1	-2.207031E-1
-3.706641E-1	-2.109375E-1
-3.208594E-1	-2.003906E-1
-2.728126E-1	-1.890625E-1
-2.265235E-1	-1.761719E-1
-1.825782E-1	-1.628906E-1
-1.444922E-1	-1.484375E-1
-1.116797E-1	-1.339844E-1
-8.355472E-2	-1.179687E-1
-5.660159E-2	-1.007812E-1
-2.906252E-2	-8.203124E-2
-3.515792E-4	-6.093749E-2
3.187499E-2	-3.906250E-2
6.468749E-2	-1.679687E-2
9.808594E-2	5.468749E-3
1.332422E-1	2.929687E-2
1.713281E-1	5.351562E-2
2.158594E-1	7.812499E-2
2.644922E-1	1.023437E-1
3.254297E-1	1.265625E-1
3.910547E-1	1.492187E-1
4.560938E-1	1.703125E-1
5.182032E-1	1.894531E-1
5.744532E-1	2.046875E-1
6.254298E-1	2.187500E-1
6.711329E-1	2.300781E-1
7.080470E-1	2.394531E-1
7.379298E-1	2.476562E-1
7.607814E-1	2.535156E-1
7.795314E-1	2.585937E-1
7.953517E-1	2.621093E-1
8.070704E-1	2.652343E-1
8.164454E-1	2.675781E-1
8.234767E-1	2.695312E-1
8.281642E-1	2.707031E-1
8.310939E-1	2.718750E-1
8.293361E-1	2.722656E-1
8.217189E-1	2.718750E-1
8.100001E-1	2.707031E-1
7.918361E-1	2.687500E-1
7.695704E-1	2.660156E-1
7.449610E-1	2.632812E-1
7.174220E-1	2.597656E-1
6.875392E-1	2.554687E-1
6.541407E-1	2.511718E-1
6.195704E-1	2.460937E-1
5.814845E-1	2.402344E-1
5.433985E-1	2.343750E-1
5.041407E-1	2.281250E-1
4.607813E-1	2.214844E-1
4.121485E-1	2.132812E-1
3.611719E-1	2.031250E-1
3.101953E-1	1.937500E-1
2.627344E-1	1.816406E-1
2.176172E-1	1.687500E-1
1.742578E-1	1.554687E-1
1.361719E-1	1.414062E-1
1.021875E-1	1.257812E-1
7.347656E-2	1.097656E-1
4.886718E-2	9.335937E-2
2.132811E-2	7.460937E-2
-7.968768E-3	5.429687E-2
-3.960940E-2	3.242187E-2
-7.300784E-2	9.765624E-3
-1.075782E-1	-1.250000E-2
-1.433204E-1	-3.593750E-2
-1.825782E-1	-6.054687E-2
-2.282813E-1	-8.593749E-2
-2.780860E-1	-1.109375E-1
-3.372657E-1	-1.351562E-1
-4.017188E-1	-1.570312E-1
-4.650001E-1	-1.781250E-1
-5.259376E-1	-1.964844E-1
-5.833595E-1	-2.125000E-1
-6.349220E-1	-2.265625E-1
-6.782814E-1	-2.382812E-1
-7.134376E-1	-2.480468E-1
-7.421486E-1	-2.558593E-1
-7.638283E-1	-2.617187E-1
-7.831642E-1	-2.664062E-1
-7.989845E-1	-2.703125E-1
-8.107033E-1	-2.738281E-1
-8.194923E-1	-2.761718E-1
-8.271095E-1	-2.777343E-1
-8.329689E-1	-2.792968E-1
-8.358986E-1	-2.800781E-1
-8.341408E-1	-2.804687E-1
-8.259377E-1	-2.800781E-1
-8.136330E-1	-2.789062E-1
-7.960548E-1	-2.773437E-1
-7.732033E-1	-2.746093E-1
-7.491798E-1	-2.714843E-1
-7.216408E-1	-2.675781E-1
-6.923439E-1	-2.636718E-1
-6.607033E-1	-2.593750E-1
-6.237892E-1	-2.542968E-1
-5.857032E-1	-2.484375E-1
-5.464454E-1	-2.425781E-1
-5.060157E-1	-2.355469E-1
-4.626563E-1	-2.281250E-1
-4.140235E-1	-2.195312E-1
-3.653907E-1	-2.097656E-1
-3.155860E-1	-1.992187E-1
-2.669532E-1	-1.875000E-1
-2.212501E-1	-1.746094E-1
-1.784766E-1	-1.609375E-1
-1.398047E-1	-1.468750E-1
-1.075782E-1	-1.320312E-1
-8.003909E-2	-1.160156E-1
-5.367190E-2	-9.843749E-2
-2.554690E-2	-7.929687E-2
4.335922E-3	-5.859374E-2
3.539061E-2	-3.671875E-2
6.878906E-2	-1.406250E-2
1.021875E-1	8.593749E-3
1.373438E-1	3.242187E-2
1.771875E-1	5.703124E-2
2.223047E-1	8.124999E-2
2.721094E-1	1.054687E-1
3.342188E-1	1.292969E-1
4.010157E-1	1.523437E-1
4.654688E-1	1.730469E-1
5.264063E-1	1.917969E-1
5.820704E-1	2.066406E-1
6.324610E-1	2.207031E-1
6.764063E-1	2.312500E-1
7.127345E-1	2.406250E-1
7.420314E-1	2.484375E-1
7.642970E-1	2.542968E-1
7.830470E-1	2.589843E-1
7.982814E-1	2.628906E-1
8.094142E-1	2.656250E-1
8.187892E-1	2.679687E-1
8.252345E-1	2.699218E-1
8.299220E-1	2.710937E-1
8.322658E-1	2.718750E-1
8.293361E-1	2.722656E-1
8.223048E-1	2.714843E-1
8.088282E-1	2.703125E-1
7.906642E-1	2.683593E-1
7.672267E-1	2.656250E-1
7.426173E-1	2.625000E-1
7.139064E-1	2.589843E-1
6.840235E-1	2.550781E-1
6.500392E-1	2.507812E-1
6.142970E-1	2.457031E-1
5.767970E-1	2.394531E-1
5.392970E-1	2.335937E-1
4.982813E-1	2.269531E-1
4.543360E-1	2.203125E-1
4.051172E-1	2.121094E-1
3.547266E-1	2.019531E-1
3.043360E-1	1.921875E-1
2.568750E-1	1.800781E-1
2.111719E-1	1.671875E-1
1.683984E-1	1.535156E-1
1.291406E-1	1.394531E-1
9.691406E-2	1.234375E-1
7.054687E-2	1.074219E-1
4.535155E-2	9.101562E-2
1.781249E-2	7.226562E-2
-1.207033E-2	5.195312E-2
-4.371096E-2	2.968750E-2
-7.769534E-2	7.031249E-3
-1.122657E-1	-1.562500E-2
-1.480079E-1	-3.906250E-2
-1.878516E-1	-6.367187E-2
-2.341407E-1	-8.906249E-2
-2.851173E-1	-1.140625E-1
-3.454688E-1	-1.378906E-1
-4.093360E-1	-1.597656E-1
-4.726173E-1	-1.804687E-1
-5.329689E-1	-1.984375E-1
-5.903907E-1	-2.144531E-1
-6.413673E-1	-2.281250E-1
-6.829689E-1	-2.398437E-1
-7.181251E-1	-2.492187E-1
-7.444923E-1	-2.566406E-1
-7.667580E-1	-2.625000E-1
-7.849220E-1	-2.667968E-1
-8.007423E-1	-2.710937E-1
-8.118752E-1	-2.738281E-1
-8.200783E-1	-2.761718E-1
-8.276955E-1	-2.781250E-1
-8.329689E-1	-2.792968E-1
-8.353127E-1	-2.800781E-1
-8.323830E-1	-2.804687E-1
-8.241798E-1	-2.800781E-1
-8.112892E-1	-2.789062E-1
-7.937111E-1	-2.769531E-1
-7.702736E-1	-2.742187E-1
-7.456642E-1	-2.710937E-1
-7.181251E-1	-2.671875E-1
-6.882423E-1	-2.632812E-1
-6.560158E-1	-2.589843E-1
-6.202736E-1	-2.535156E-1
-5.810157E-1	-2.476562E-1
-5.411720E-1	-2.417969E-1
-5.019142E-1	-2.347656E-1
-4.573829E-1	-2.273437E-1
-4.075782E-1	-2.183594E-1
-3.589454E-1	-2.085937E-1
-3.097266E-1	-1.980469E-1
-2.610938E-1	-1.859375E-1
-2.153907E-1	-1.730469E-1
-1.732032E-1	-1.589844E-1
-1.357032E-1	-1.449219E-1
-1.046485E-1	-1.300781E-1
-7.652347E-2	-1.136719E-1
-5.015628E-2	-9.609374E-2
-2.203127E-2	-7.695312E-2
7.851547E-3	-5.585937E-2
3.949218E-2	-3.359375E-2
7.230468E-2	-1.132812E-2
1.062891E-1	1.132812E-2
1.420313E-1	3.515625E-2
1.818750E-1	5.976562E-2
2.275781E-1	8.437499E-2
2.779688E-1	1.082031E-1
3.412500E-1	1.324219E-1
4.074610E-1	1.546875E-1
4.719141E-1	1.750000E-1
5.316798E-1	1.933594E-1
5.867579E-1	2.085937E-1
6.371485E-1	2.218750E-1
6.805079E-1	2.324219E-1
7.156642E-1	2.414062E-1
7.437892E-1	2.492187E-1
7.654689E-1	2.546875E-1
7.842189E-1	2.593750E-1
7.994532E-1	2.628906E-1
8.105861E-1	2.660156E-1
8.187892E-1	2.683593E-1
8.246486E-1	2.699218E-1
8.299220E-1	2.710937E-1
8.316798E-1	2.718750E-1
8.287501E-1	2.718750E-1
8.199611E-1	2.714843E-1
8.064845E-1	2.699218E-1
7.871486E-1	2.679687E-1
7.637111E-1	2.652343E-1
7.379298E-1	2.621093E-1
7.103907E-1	2.585937E-1
6.799220E-1	2.542968E-1
6.459376E-1	2.500000E-1
6.101954E-1	2.449218E-1
5.715235E-1	2.386719E-1
5.334376E-1	2.328125E-1
4.924219E-1	2.261719E-1
4.490626E-1	2.195312E-1
3.992579E-1	2.109375E-1
3.476954E-1	2.007812E-1
2.973047E-1	1.910156E-1
2.510157E-1	1.789062E-1
2.064844E-1	1.656250E-1
1.642969E-1	1.519531E-1
1.267969E-1	1.378906E-1
9.457031E-2	1.218750E-1
6.761718E-2	1.058594E-1
4.242187E-2	8.906249E-2
1.488280E-2	6.992187E-2
-1.558596E-2	4.921874E-2
-4.781252E-2	2.734375E-2
-8.179691E-2	4.687500E-3
-1.163672E-1	-1.796875E-2
-1.526954E-1	-4.179687E-2
-1.931250E-1	-6.640624E-2
-2.388282E-1	-9.179687E-2
-2.898048E-1	-1.164062E-1
-3.519141E-1	-1.402344E-1
-4.146095E-1	-1.617187E-1
-4.784767E-1	-1.824219E-1
-5.376564E-1	-2.000000E-1
-5.950782E-1	-2.156250E-1
-6.442970E-1	-2.289062E-1
-6.858986E-1	-2.406250E-1
-7.198830E-1	-2.496093E-1
-7.468361E-1	-2.570312E-1
-7.685158E-1	-2.628906E-1
-7.866798E-1	-2.671875E-1
-8.013283E-1	-2.710937E-1
-8.118752E-1	-2.742187E-1
-8.200783E-1	-2.765625E-1
-8.271095E-1	-2.781250E-1
-8.323830E-1	-2.792968E-1
-8.347267E-1	-2.800781E-1
-8.312111E-1	-2.804687E-1
-8.218361E-1	-2.796875E-1
-8.083595E-1	-2.785156E-1
-7.896095E-1	-2.765625E-1
-7.661720E-1	-2.738281E-1
-7.421486E-1	-2.703125E-1
-7.146095E-1	-2.664062E-1
-6.841408E-1	-2.625000E-1
-6.513283E-1	-2.582031E-1
-6.150001E-1	-2.527343E-1
-5.757423E-1	-2.468750E-1
-5.358985E-1	-2.406250E-1
-4.960548E-1	-2.335937E-1
-4.515235E-1	-2.261719E-1
-4.023048E-1	-2.171875E-1
-3.525001E-1	-2.070312E-1
-3.032813E-1	-1.964844E-1
-2.558204E-1	-1.843750E-1
-2.107032E-1	-1.710937E-1
-1.691016E-1	-1.574219E-1
-1.321875E-1	-1.433594E-1
-1.011328E-1	-1.281250E-1
-7.417972E-2	-1.117187E-1
-4.722659E-2	-9.414062E-2
-1.851564E-2	-7.460937E-2
1.195311E-2	-5.312499E-2
4.359374E-2	-3.125000E-2
7.699218E-2	-8.593749E-3
1.098047E-1	1.406250E-2
1.461328E-1	3.828125E-2
1.871485E-1	6.249999E-2
2.328516E-1	8.710937E-2
2.844141E-1	1.109375E-1
3.488672E-1	1.347656E-1
4.150782E-1	1.570312E-1
4.789454E-1	1.773437E-1
5.387110E-1	1.953125E-1
5.937891E-1	2.101562E-1
6.424220E-1	2.230469E-1
6.846095E-1	2.332031E-1
7.191798E-1	2.425781E-1
7.461329E-1	2.496093E-1
7.678126E-1	2.550781E-1
7.859767E-1	2.597656E-1
8.000392E-1	2.632812E-1
8.105861E-1	2.660156E-1
8.187892E-1	2.683593E-1
8.246486E-1	2.699218E-1
8.293361E-1	2.710937E-1
8.305079E-1	2.718750E-1
8.269923E-1	2.718750E-1
8.176173E-1	2.710937E-1
8.041407E-1	2.699218E-1
7.853907E-1	2.675781E-1
7.607814E-1	2.648437E-1
7.355860E-1	2.617187E-1
7.074610E-1	2.582031E-1
6.758204E-1	2.539062E-1
6.418360E-1	2.492187E-1
6.060938E-1	2.441406E-1
5.680079E-1	2.382812E-1
5.293360E-1	2.320312E-1
4.883204E-1	2.253906E-1
4.437891E-1	2.187500E-1
3.939844E-1	2.097656E-1
3.430079E-1	2.000000E-1
2.932032E-1	1.894531E-1
2.457422E-1	1.769531E-1
2.012110E-1	1.640625E-1
1.590234E-1	1.503906E-1
1.226953E-1	1.359375E-1
9.046875E-2	1.199219E-1
6.410156E-2	1.039062E-1
3.890624E-2	8.710937E-2
1.136717E-2	6.757812E-2
-1.910158E-2	4.687500E-2
-5.132815E-2	2.460937E-2
-8.589847E-2	1.953125E-3
-1.198828E-1	-2.070312E-2
-1.567969E-1	-4.453125E-2
-1.978126E-1	-6.953124E-2
-2.441016E-1	-9.453124E-2
-2.974219E-1	-1.195312E-1
-3.589454E-1	-1.425781E-1
-4.216407E-1	-1.640625E-1
-4.849220E-1	-1.843750E-1
-5.446876E-1	-2.019531E-1
-6.003517E-1	-2.171875E-1
-6.501564E-1	-2.304687E-1
-6.905861E-1	-2.417969E-1
-7.228126E-1	-2.503906E-1
-7.491798E-1	-2.578125E-1
-7.696876E-1	-2.632812E-1
-7.878517E-1	-2.675781E-1
-8.025002E-1	-2.714843E-1
-8.124611E-1	-2.742187E-1
-8.212502E-1	-2.765625E-1
-8.271095E-1	-2.781250E-1
-8.317970E-1	-2.792968E-1
-8.341408E-1	-2.800781E-1
-8.300392E-1	-2.800781E-1
-8.189064E-1	-2.792968E-1
-8.054298E-1	-2.781250E-1
-7.855080E-1	-2.757812E-1
-7.620705E-1	-2.730468E-1
-7.368751E-1	-2.695312E-1
-7.093361E-1	-2.660156E-1
-6.794533E-1	-2.617187E-1
-6.460548E-1	-2.574218E-1
-6.103126E-1	-2.519531E-1
-5.710548E-1	-2.460937E-1
-5.317970E-1	-2.398437E-1
-4.907814E-1	-2.328125E-1
-4.462501E-1	-2.250000E-1
-3.964454E-1	-2.160156E-1
-3.466407E-1	-2.058594E-1
-2.974219E-1	-1.949219E-1
-2.499610E-1	-1.828125E-1
-2.048438E-1	-1.695312E-1
-1.638282E-1	-1.554687E-1
-1.269141E-1	-1.414062E-1
-9.761722E-2	-1.257812E-1
-7.007815E-2	-1.093750E-1
-4.312502E-2	-9.140624E-2
-1.500002E-2	-7.148437E-2
1.546874E-2	-5.039062E-2
4.769530E-2	-2.812500E-2
8.050781E-2	-5.859374E-3
1.144922E-1	1.718750E-2
1.508203E-1	4.140625E-2
1.918360E-1	6.562499E-2
2.387110E-1	9.023437E-2
2.914453E-1	1.140625E-1
3.570704E-1	1.378906E-1
4.226954E-1	1.597656E-1
4.859766E-1	1.796875E-1
5.457423E-1	1.972656E-1
5.996485E-1	2.117187E-1
6.482813E-1	2.242187E-1
6.892970E-1	2.343750E-1
7.226954E-1	2.433594E-1
7.478907E-1	2.503906E-1
7.701564E-1	2.558593E-1
7.871486E-1	2.601562E-1
8.012111E-1	2.636718E-1
8.111720E-1	2.664062E-1
8.187892E-1	2.683593E-1
8.246486E-1	2.699218E-1
8.293361E-1	2.710937E-1
8.293361E-1	2.718750E-1
8.252345E-1	2.718750E-1
8.146876E-1	2.707031E-1
8.000392E-1	2.695312E-1
7.795314E-1	2.671875E-1
7.560939E-1	2.644531E-1
7.297267E-1	2.609375E-1
7.016017E-1	2.574218E-1
6.699610E-1	2.531250E-1
6.359767E-1	2.488281E-1
5.996485E-1	2.433594E-1
5.615626E-1	2.371094E-1
5.234766E-1	2.312500E-1
4.824610E-1	2.246094E-1
4.367579E-1	2.175781E-1
3.863672E-1	2.082031E-1
3.353907E-1	1.984375E-1
2.855860E-1	1.878906E-1
2.387110E-1	1.753906E-1
1.941797E-1	1.621094E-1
1.531641E-1	1.484375E-1
1.174219E-1	1.335937E-1
8.695312E-2	1.175781E-1
6.117187E-2	1.015625E-1
3.539061E-2	8.398437E-2
7.265610E-3	6.484374E-2
-2.320315E-2	4.375000E-2
-5.660159E-2	2.109375E-2
-9.058597E-2	-1.171875E-3
-1.257422E-1	-2.421875E-2
-1.632422E-1	-4.804687E-2
-2.042579E-1	-7.304687E-2
-2.517188E-1	-9.843749E-2
-3.056251E-1	-1.230469E-1
-3.689063E-1	-1.457031E-1
-4.321876E-1	-1.671875E-1
-4.942970E-1	-1.871094E-1
-5.534767E-1	-2.042969E-1
-6.079689E-1	-2.191406E-1
-6.566017E-1	-2.320312E-1
-6.958595E-1	-2.429687E-1
-7.269142E-1	-2.515625E-1
-7.515236E-1	-2.585937E-1
-7.720314E-1	-2.636718E-1
-7.896095E-1	-2.679687E-1
-8.036720E-1	-2.718750E-1
-8.136330E-1	-2.746093E-1
-8.212502E-1	-2.765625E-1
-8.276955E-1	-2.781250E-1
-8.323830E-1	-2.792968E-1
-8.329689E-1	-2.800781E-1
-8.276955E-1	-2.800781E-1
-8.171486E-1	-2.789062E-1
-8.030861E-1	-2.777343E-1
-7.831642E-1	-2.753906E-1
-7.597267E-1	-2.726562E-1
-7.339455E-1	-2.691406E-1
-7.052345E-1	-2.652343E-1
-6.747658E-1	-2.613281E-1
-6.413673E-1	-2.562500E-1
-6.050392E-1	-2.507812E-1
-5.651954E-1	-2.453125E-1
-5.253517E-1	-2.386719E-1
-4.849220E-1	-2.316406E-1
-4.386329E-1	-2.238281E-1
-3.894141E-1	-2.144531E-1
-3.396094E-1	-2.042969E-1
-2.909766E-1	-1.933594E-1
-2.446876E-1	-1.812500E-1
-1.995704E-1	-1.675781E-1
-1.597266E-1	-1.535156E-1
-1.239844E-1	-1.394531E-1
-9.410160E-2	-1.242187E-1
-6.656253E-2	-1.070312E-1
-4.019534E-2	-8.906249E-2
-1.148439E-2	-6.914062E-2
1.898436E-2	-4.765625E-2
5.121093E-2	-2.539062E-2
8.402344E-2	-3.125000E-3
1.185938E-1	2.031250E-2
1.560938E-1	4.453125E-2
1.976953E-1	6.874999E-2
2.451563E-1	9.335937E-2
2.996485E-1	1.171875E-1
3.646875E-1	1.406250E-1
4.303126E-1	1.621094E-1
4.935938E-1	1.820312E-1
5.516016E-1	1.988281E-1
6.049220E-1	2.136719E-1
6.535548E-1	2.257812E-1
6.933985E-1	2.355469E-1
7.256251E-1	2.445312E-1
7.514064E-1	2.511718E-1
7.719142E-1	2.562500E-1
7.889064E-1	2.605468E-1
8.023829E-1	2.640625E-1
8.117579E-1	2.664062E-1
8.199611E-1	2.683593E-1
8.264064E-1	2.699218E-1
8.299220E-1	2.710937E-1
8.305079E-1	2.718750E-1
8.252345E-1	2.714843E-1
8.141017E-1	2.707031E-1
7.988673E-1	2.691406E-1
7.783595E-1	2.667968E-1
7.537501E-1	2.640625E-1
7.273829E-1	2.605468E-1
6.975001E-1	2.566406E-1
6.664454E-1	2.527343E-1
6.318751E-1	2.480468E-1
5.949610E-1	2.425781E-1
5.574610E-1	2.363281E-1
5.187891E-1	2.300781E-1
4.771876E-1	2.238281E-1
4.303126E-1	2.164062E-1
3.799219E-1	2.070312E-1
3.283594E-1	1.972656E-1
2.785547E-1	1.863281E-1
2.334375E-1	1.734375E-1
1.883203E-1	1.601562E-1
1.490625E-1	1.464844E-1
1.127344E-1	1.312500E-1
8.285156E-2	1.156250E-1
5.765624E-2	9.960936E-2
3.187499E-2	8.164062E-2
3.164046E-3	6.210937E-2
-2.730471E-2	4.101562E-2
-5.953128E-2	1.835937E-2
-9.468753E-2	-3.906250E-3
-1.304297E-1	-2.695312E-2
-1.679297E-1	-5.117187E-2
-2.101172E-1	-7.617187E-2
-2.569922E-1	-1.015625E-1
-3.126563E-1	-1.257812E-1
-3.759376E-1	-1.484375E-1
-4.392188E-1	-1.699219E-1
-5.019142E-1	-1.894531E-1
-5.605079E-1	-2.062500E-1
-6.144142E-1	-2.210937E-1
-6.618751E-1	-2.335937E-1
-6.999611E-1	-2.441406E-1
-7.298439E-1	-2.523437E-1
-7.550392E-1	-2.593750E-1
-7.749611E-1	-2.644531E-1
-7.925392E-1	-2.687500E-1
-8.060158E-1	-2.722656E-1
-8.153908E-1	-2.750000E-1
-8.230080E-1	-2.769531E-1
-8.294533E-1	-2.785156E-1
-8.329689E-1	-2.792968E-1
-8.329689E-1	-2.800781E-1
-8.276955E-1	-2.800781E-1
-8.165627E-1	-2.789062E-1
-8.007423E-1	-2.773437E-1
-7.802345E-1	-2.750000E-1
-7.567970E-1	-2.722656E-1
-7.304298E-1	-2.687500E-1
-7.017189E-1	-2.648437E-1
-6.712501E-1	-2.605468E-1
-6.366798E-1	-2.558593E-1
-5.991798E-1	-2.503906E-1
-5.599220E-1	-2.445312E-1
-5.200782E-1	-2.378906E-1
-4.790626E-1	-2.304687E-1
-4.321876E-1	-2.226562E-1
-3.829688E-1	-2.132812E-1
-3.331641E-1	-2.031250E-1
-2.851173E-1	-1.917969E-1
-2.382422E-1	-1.796875E-1
-1.937110E-1	-1.660156E-1
-1.544532E-1	-1.519531E-1
-1.192969E-1	-1.375000E-1
-9.058597E-2	-1.222656E-1
-6.363284E-2	-1.050781E-1
-3.726565E-2	-8.710937E-2
-8.554706E-3	-6.679687E-2
2.191405E-2	-4.531250E-2
5.531249E-2	-2.304687E-2
8.812500E-2	-3.906250E-4
1.221094E-1	2.265625E-2
1.601953E-1	4.726562E-2
2.029688E-1	7.148437E-2
2.504297E-1	9.609374E-2
3.072657E-1	1.199219E-1
3.728907E-1	1.433594E-1
4.385157E-1	1.644531E-1
5.012110E-1	1.843750E-1
5.592188E-1	2.007812E-1
6.125392E-1	2.152344E-1
6.594142E-1	2.269531E-1
6.980860E-1	2.367187E-1
7.297267E-1	2.453125E-1
7.537501E-1	2.519531E-1
7.742579E-1	2.570312E-1
7.906642E-1	2.609375E-1
8.035548E-1	2.640625E-1
8.135157E-1	2.667968E-1
8.199611E-1	2.687500E-1
8.258204E-1	2.703125E-1
8.293361E-1	2.710937E-1
8.293361E-1	2.718750E-1
8.234767E-1	2.714843E-1
8.129298E-1	2.707031E-1
7.976954E-1	2.691406E-1
7.760157E-1	2.667968E-1
7.514064E-1	2.636718E-1
7.244532E-1	2.601562E-1
6.945704E-1	2.566406E-1
6.629298E-1	2.523437E-1
6.283595E-1	2.472656E-1
5.926173E-1	2.417969E-1
5.533595E-1	2.359375E-1
5.146876E-1	2.296875E-1
4.719141E-1	2.230469E-1
4.244532E-1	2.152344E-1
3.728907E-1	2.054687E-1
3.219141E-1	1.960937E-1
2.726953E-1	1.847656E-1
2.281641E-1	1.718750E-1
1.836328E-1	1.585937E-1
1.437891E-1	1.445312E-1
1.086328E-1	1.292969E-1
7.992187E-2	1.132812E-1
5.414062E-2	9.726562E-2
2.777343E-2	7.890624E-2
-9.375168E-4	5.937499E-2
-3.199221E-2	3.789062E-2
-6.539065E-2	1.523437E-2
-9.996097E-2	-7.421874E-3
-1.351172E-1	-3.046875E-2
-1.737891E-1	-5.468749E-2
-2.165626E-1	-8.007812E-2
-2.651954E-1	-1.050781E-1
-3.220313E-1	-1.292969E-1
-3.853126E-1	-1.515625E-1
-4.485938E-1	-1.730469E-1
-5.095314E-1	-1.921875E-1
-5.687111E-1	-2.085937E-1
-6.214454E-1	-2.230469E-1
-6.671486E-1	-2.351562E-1
-7.040626E-1	-2.453125E-1
-7.345314E-1	-2.535156E-1
-7.585548E-1	-2.601562E-1
-7.778908E-1	-2.652343E-1
-7.942970E-1	-2.691406E-1
-8.071877E-1	-2.726562E-1
-8.165627E-1	-2.753906E-1
-8.241798E-1	-2.773437E-1
-8.294533E-1	-2.785156E-1
-8.335548E-1	-2.796875E-1
-8.329689E-1	-2.800781E-1
-8.271095E-1	-2.796875E-1
-8.148048E-1	-2.789062E-1
-7.989845E-1	-2.773437E-1
-7.767189E-1	-2.750000E-1
-7.532814E-1	-2.718750E-1
-7.269142E-1	-2.683593E-1
-6.982033E-1	-2.644531E-1
-6.677345E-1	-2.601562E-1
-6.331642E-1	-2.550781E-1
-5.950782E-1	-2.496093E-1
-5.558204E-1	-2.437500E-1
-5.153907E-1	-2.371094E-1
-4.732032E-1	-2.296875E-1
-4.263282E-1	-2.214844E-1
-3.776954E-1	-2.121094E-1
-3.273048E-1	-2.019531E-1
-2.792579E-1	-1.902344E-1
-2.323829E-1	-1.777344E-1
-1.884375E-1	-1.644531E-1
-1.497657E-1	-1.500000E-1
-1.157813E-1	-1.359375E-1
-8.765628E-2	-1.199219E-1
-6.011721E-2	-1.031250E-1
-3.316408E-2	-8.437499E-2
-3.867205E-3	-6.406249E-2
2.718749E-2	-4.218750E-2
5.941406E-2	-1.992187E-2
9.281250E-2	2.343750E-3
1.273828E-1	2.578125E-2
1.654688E-1	5.039062E-2
2.088281E-1	7.460937E-2
2.568750E-1	9.921874E-2
3.160547E-1	1.226562E-1
3.816797E-1	1.460937E-1
4.467188E-1	1.671875E-1
5.088282E-1	1.867187E-1
5.656641E-1	2.023437E-1
6.183985E-1	2.167969E-1
6.641017E-1	2.281250E-1
7.021876E-1	2.378906E-1
7.332423E-1	2.460937E-1
7.572657E-1	2.523437E-1
7.766017E-1	2.574218E-1
7.930079E-1	2.617187E-1
8.053126E-1	2.644531E-1
8.146876E-1	2.667968E-1
8.217189E-1	2.691406E-1
8.269923E-1	2.703125E-1
8.305079E-1	2.714843E-1
8.305079E-1	2.718750E-1
8.240626E-1	2.714843E-1
8.117579E-1	2.703125E-1
7.953517E-1	2.687500E-1
7.725001E-1	2.660156E-1
7.478907E-1	2.632812E-1
7.197657E-1	2.597656E-1
6.910548E-1	2.558593E-1
6.588282E-1	2.515625E-1
6.236720E-1	2.468750E-1
5.861720E-1	2.410156E-1
5.480860E-1	2.347656E-1
5.088282E-1	2.285156E-1
4.654688E-1	2.218750E-1
4.174219E-1	2.140625E-1
3.664454E-1	2.042969E-1
3.154688E-1	1.949219E-1
2.674219E-1	1.832031E-1
2.223047E-1	1.703125E-1
1.783594E-1	1.566406E-1
1.385156E-1	1.429687E-1
1.051172E-1	1.273437E-1
7.640625E-2	1.113281E-1
5.179687E-2	9.531249E-2
2.425780E-2	7.656249E-2
-5.039080E-3	5.703124E-2
-3.609377E-2	3.515625E-2
-6.949222E-2	1.250000E-2
-1.040625E-1	-1.015625E-2
-1.398047E-1	-3.320312E-2
-1.778907E-1	-5.781249E-2
-2.218360E-1	-8.281249E-2
-2.710548E-1	-1.078125E-1
-3.296485E-1	-1.320312E-1
-3.929298E-1	-1.542969E-1
-4.567970E-1	-1.753906E-1
-5.183204E-1	-1.941406E-1
-5.757423E-1	-2.101562E-1
-6.284767E-1	-2.246094E-1
-6.730079E-1	-2.367187E-1
-7.087501E-1	-2.464843E-1
-7.380470E-1	-2.546875E-1
-7.608986E-1	-2.605468E-1
-7.802345E-1	-2.656250E-1
-7.960548E-1	-2.695312E-1
-8.077736E-1	-2.730468E-1
-8.171486E-1	-2.753906E-1
-8.241798E-1	-2.773437E-1
-8.306252E-1	-2.789062E-1
-8.335548E-1	-2.796875E-1
-8.329689E-1	-2.800781E-1
-8.247658E-1	-2.796875E-1
-8.130470E-1	-2.785156E-1
-7.966408E-1	-2.769531E-1
-7.737892E-1	-2.746093E-1
-7.497658E-1	-2.714843E-1
-7.233986E-1	-2.679687E-1
-6.935158E-1	-2.636718E-1
-6.624611E-1	-2.593750E-1
-6.278907E-1	-2.542968E-1
-5.898048E-1	-2.488281E-1
-5.505470E-1	-2.429687E-1
-5.107032E-1	-2.359375E-1
-4.679298E-1	-2.289062E-1
-4.198829E-1	-2.203125E-1
-3.706641E-1	-2.105469E-1
-3.214454E-1	-2.003906E-1
-2.728126E-1	-1.886719E-1
-2.259376E-1	-1.761719E-1
-1.831641E-1	-1.625000E-1
-1.450782E-1	-1.484375E-1
-1.116797E-1	-1.339844E-1
-8.414066E-2	-1.179687E-1
-5.777346E-2	-1.007812E-1
-3.082033E-2	-8.242187E-2
-1.523454E-3	-6.171874E-2
3.011718E-2	-3.984375E-2
6.351562E-2	-1.757812E-2
9.691406E-2	4.687500E-3
