X (Volt)	Y (Volt)
9.046875E-2	-3.906250E-4
1.338281E-1	1.289062E-2
1.912500E-1	2.695312E-2
2.504297E-1	4.062500E-2
3.043360E-1	5.195312E-2
3.576563E-1	6.132812E-2
4.121485E-1	6.992187E-2
4.637110E-1	7.695312E-2
5.100001E-1	8.398437E-2
5.521876E-1	8.984374E-2
5.943751E-1	9.492187E-2
6.342188E-1	9.921874E-2
6.723048E-1	1.027344E-1
7.074610E-1	1.062500E-1
7.373439E-1	1.093750E-1
7.625392E-1	1.121094E-1
7.818751E-1	1.136719E-1
7.965236E-1	1.152344E-1
8.076564E-1	1.164062E-1
8.170314E-1	1.171875E-1
8.240626E-1	1.179687E-1
8.299220E-1	1.179687E-1
8.334376E-1	1.183594E-1
8.363673E-1	1.183594E-1
8.363673E-1	1.183594E-1
8.305079E-1	1.179687E-1
8.193751E-1	1.171875E-1
8.053126E-1	1.156250E-1
7.853907E-1	1.140625E-1
7.619532E-1	1.125000E-1
7.361720E-1	1.101562E-1
7.080470E-1	1.078125E-1
6.793360E-1	1.054687E-1
6.465235E-1	1.027344E-1
6.107813E-1	9.999999E-2
5.709376E-1	9.687499E-2
5.293360E-1	9.296874E-2
4.865626E-1	8.906249E-2
4.420313E-1	8.437499E-2
3.928126E-1	7.968749E-2
3.400782E-1	7.421874E-2
2.861719E-1	6.914062E-2
2.340235E-1	6.328124E-2
1.812891E-1	5.664062E-2
1.320703E-1	4.999999E-2
8.578125E-2	4.335937E-2
4.242187E-2	3.554687E-2
1.406234E-3	2.734375E-2
-2.964846E-2	1.718750E-2
-6.246096E-2	6.249999E-3
-9.820316E-2	-5.859374E-3
-1.415625E-1	-1.914062E-2
-1.978126E-1	-3.320312E-2
-2.581641E-1	-4.609375E-2
-3.138282E-1	-5.820312E-2
-3.671485E-1	-6.796874E-2
-4.192970E-1	-7.656249E-2
-4.708595E-1	-8.476562E-2
-5.153907E-1	-9.140624E-2
-5.581642E-1	-9.687499E-2
-6.003517E-1	-1.019531E-1
-6.401954E-1	-1.066406E-1
-6.765236E-1	-1.109375E-1
-7.093361E-1	-1.148437E-1
-7.392189E-1	-1.179687E-1
-7.626564E-1	-1.207031E-1
-7.814064E-1	-1.226562E-1
-7.966408E-1	-1.242187E-1
-8.089455E-1	-1.253906E-1
-8.189064E-1	-1.261719E-1
-8.265236E-1	-1.269531E-1
-8.323830E-1	-1.273437E-1
-8.364845E-1	-1.273437E-1
-8.394142E-1	-1.273437E-1
-8.388283E-1	-1.273437E-1
-8.341408E-1	-1.269531E-1
-8.224220E-1	-1.261719E-1
-8.071877E-1	-1.250000E-1
-7.872658E-1	-1.230469E-1
-7.638283E-1	-1.210937E-1
-7.386330E-1	-1.191406E-1
-7.116798E-1	-1.164062E-1
-6.829689E-1	-1.140625E-1
-6.519142E-1	-1.109375E-1
-6.144142E-1	-1.078125E-1
-5.733986E-1	-1.039062E-1
-5.294532E-1	-9.999999E-2
-4.878517E-1	-9.609374E-2
-4.433204E-1	-9.179687E-2
-3.941016E-1	-8.671874E-2
-3.425391E-1	-8.124999E-2
-2.892188E-1	-7.539062E-2
-2.341407E-1	-6.874999E-2
-1.819922E-1	-6.249999E-2
-1.321875E-1	-5.546874E-2
-8.589847E-2	-4.804687E-2
-4.078127E-2	-4.023437E-2
-2.695330E-3	-3.242187E-2
2.835936E-2	-2.226562E-2
5.999999E-2	-1.132812E-2
9.457031E-2	1.171875E-3
1.402734E-1	1.445312E-2
1.982813E-1	2.890625E-2
2.562891E-1	4.218750E-2
3.096094E-1	5.312499E-2
3.635157E-1	6.249999E-2
4.180079E-1	7.070312E-2
4.689844E-1	7.773437E-2
5.146876E-1	8.476562E-2
5.574610E-1	9.062499E-2
5.990626E-1	9.531249E-2
6.383204E-1	9.921874E-2
6.758204E-1	1.031250E-1
7.098048E-1	1.066406E-1
7.408595E-1	1.097656E-1
7.642970E-1	1.121094E-1
7.830470E-1	1.140625E-1
7.982814E-1	1.156250E-1
8.100001E-1	1.164062E-1
8.193751E-1	1.171875E-1
8.264064E-1	1.179687E-1
8.316798E-1	1.183594E-1
8.346095E-1	1.183594E-1
8.375392E-1	1.187500E-1
8.375392E-1	1.183594E-1
8.316798E-1	1.179687E-1
8.211329E-1	1.171875E-1
8.058986E-1	1.156250E-1
7.853907E-1	1.140625E-1
7.613673E-1	1.121094E-1
7.355860E-1	1.101562E-1
7.074610E-1	1.078125E-1
6.769923E-1	1.050781E-1
6.447657E-1	1.023437E-1
6.078516E-1	9.960936E-2
5.668360E-1	9.648437E-2
5.246485E-1	9.257812E-2
4.812891E-1	8.867187E-2
4.367579E-1	8.398437E-2
3.875391E-1	7.890624E-2
3.342188E-1	7.343749E-2
2.808985E-1	6.835937E-2
2.281641E-1	6.249999E-2
1.766016E-1	5.585937E-2
1.267969E-1	4.960937E-2
8.050781E-2	4.257812E-2
3.714843E-2	3.476562E-2
-2.695330E-3	2.617187E-2
-3.375002E-2	1.640625E-2
-6.597659E-2	5.078124E-3
-1.023047E-1	-7.031249E-3
-1.462500E-1	-2.031250E-2
-2.042579E-1	-3.437500E-2
-2.646094E-1	-4.765625E-2
-3.191016E-1	-5.898437E-2
-3.730079E-1	-6.874999E-2
-4.257423E-1	-7.773437E-2
-4.761329E-1	-8.554687E-2
-5.206642E-1	-9.218749E-2
-5.640236E-1	-9.765624E-2
-6.056251E-1	-1.023437E-1
-6.454689E-1	-1.070312E-1
-6.812111E-1	-1.113281E-1
-7.146095E-1	-1.152344E-1
-7.439064E-1	-1.183594E-1
-7.667580E-1	-1.210937E-1
-7.849220E-1	-1.230469E-1
-8.001564E-1	-1.242187E-1
-8.112892E-1	-1.253906E-1
-8.206642E-1	-1.261719E-1
-8.282814E-1	-1.269531E-1
-8.335548E-1	-1.273437E-1
-8.382423E-1	-1.273437E-1
-8.405861E-1	-1.277344E-1
-8.400002E-1	-1.273437E-1
-8.341408E-1	-1.269531E-1
-8.230080E-1	-1.261719E-1
-8.077736E-1	-1.250000E-1
-7.878517E-1	-1.230469E-1
-7.644142E-1	-1.210937E-1
-7.386330E-1	-1.187500E-1
-7.105080E-1	-1.164062E-1
-6.817970E-1	-1.136719E-1
-6.495704E-1	-1.105469E-1
-6.114845E-1	-1.074219E-1
-5.698829E-1	-1.035156E-1
-5.259376E-1	-9.960936E-2
-4.837501E-1	-9.570312E-2
-4.380470E-1	-9.140624E-2
-3.888282E-1	-8.632812E-2
-3.366798E-1	-8.046874E-2
-2.833594E-1	-7.460937E-2
-2.294532E-1	-6.796874E-2
-1.773047E-1	-6.171874E-2
-1.280860E-1	-5.468749E-2
-8.179691E-2	-4.726562E-2
-3.609377E-2	-3.945312E-2
8.202960E-4	-3.125000E-2
3.070311E-2	-2.109375E-2
6.292968E-2	-9.765624E-3
9.984375E-2	2.343750E-3
1.467188E-1	1.601562E-2
2.058985E-1	3.046875E-2
2.639063E-1	4.335937E-2
3.172266E-1	5.429687E-2
3.717188E-1	6.367187E-2
4.250391E-1	7.148437E-2
4.754298E-1	7.890624E-2
5.205469E-1	8.554687E-2
5.633204E-1	9.140624E-2
6.043360E-1	9.609374E-2
6.435938E-1	9.999999E-2
6.810938E-1	1.039062E-1
7.150782E-1	1.074219E-1
7.449610E-1	1.101562E-1
7.683986E-1	1.125000E-1
7.865626E-1	1.144531E-1
8.012111E-1	1.156250E-1
8.123439E-1	1.167969E-1
8.211329E-1	1.175781E-1
8.281642E-1	1.179687E-1
8.334376E-1	1.183594E-1
8.369533E-1	1.187500E-1
8.392970E-1	1.187500E-1
8.387111E-1	1.187500E-1
8.310939E-1	1.179687E-1
8.199611E-1	1.171875E-1
8.041407E-1	1.156250E-1
7.830470E-1	1.140625E-1
7.584376E-1	1.121094E-1
7.320704E-1	1.097656E-1
7.033595E-1	1.074219E-1
6.734767E-1	1.046875E-1
6.400782E-1	1.023437E-1
6.025782E-1	9.921874E-2
5.615626E-1	9.609374E-2
5.187891E-1	9.218749E-2
4.748438E-1	8.789062E-2
4.297266E-1	8.320312E-2
3.787500E-1	7.812499E-2
3.254297E-1	7.265624E-2
2.721094E-1	6.757812E-2
2.193750E-1	6.132812E-2
1.672266E-1	5.468749E-2
1.174219E-1	4.804687E-2
7.230468E-2	4.101562E-2
2.894530E-2	3.320312E-2
-8.554706E-3	2.421875E-2
-3.960940E-2	1.406250E-2
-7.242190E-2	2.734375E-3
-1.105078E-1	-9.765624E-3
-1.579688E-1	-2.304687E-2
-2.171485E-1	-3.710937E-2
-2.763282E-1	-4.999999E-2
-3.302344E-1	-6.093749E-2
-3.835548E-1	-7.070312E-2
-4.351173E-1	-7.929687E-2
-4.855079E-1	-8.671874E-2
-5.300392E-1	-9.335937E-2
-5.728126E-1	-9.843749E-2
-6.144142E-1	-1.035156E-1
-6.530861E-1	-1.078125E-1
-6.876564E-1	-1.121094E-1
-7.204689E-1	-1.156250E-1
-7.485939E-1	-1.187500E-1
-7.708595E-1	-1.214844E-1
-7.884377E-1	-1.234375E-1
-8.030861E-1	-1.246094E-1
-8.130470E-1	-1.257812E-1
-8.224220E-1	-1.265625E-1
-8.306252E-1	-1.269531E-1
-8.353127E-1	-1.273437E-1
-8.388283E-1	-1.273437E-1
-8.411720E-1	-1.277344E-1
-8.405861E-1	-1.273437E-1
-8.329689E-1	-1.269531E-1
-8.194923E-1	-1.257812E-1
-8.030861E-1	-1.246094E-1
-7.808205E-1	-1.226562E-1
-7.579689E-1	-1.207031E-1
-7.321876E-1	-1.183594E-1
-7.046486E-1	-1.160156E-1
-6.753517E-1	-1.132812E-1
-6.425392E-1	-1.101562E-1
-6.044532E-1	-1.066406E-1
-5.616798E-1	-1.027344E-1
-5.183204E-1	-9.882811E-2
-4.755470E-1	-9.492187E-2
-4.298438E-1	-9.023437E-2
-3.812110E-1	-8.515624E-2
-3.284766E-1	-7.968749E-2
-2.745704E-1	-7.343749E-2
-2.206641E-1	-6.718749E-2
-1.685157E-1	-6.054687E-2
-1.192969E-1	-5.351562E-2
-7.359378E-2	-4.609375E-2
-2.964846E-2	-3.828125E-2
6.093734E-3	-2.968750E-2
3.656249E-2	-1.914062E-2
6.878906E-2	-7.812499E-3
1.062891E-1	4.687500E-3
1.560938E-1	1.875000E-2
2.164453E-1	3.281250E-2
2.726953E-1	4.570312E-2
3.260157E-1	5.624999E-2
3.805079E-1	6.523437E-2
4.344141E-1	7.304687E-2
4.836329E-1	8.007812E-2
5.287501E-1	8.671874E-2
5.697657E-1	9.218749E-2
6.107813E-1	9.687499E-2
6.494532E-1	1.007812E-1
6.863673E-1	1.042969E-1
7.197657E-1	1.078125E-1
7.478907E-1	1.105469E-1
7.713282E-1	1.128906E-1
7.889064E-1	1.144531E-1
8.029689E-1	1.160156E-1
8.135157E-1	1.167969E-1
8.217189E-1	1.175781E-1
8.281642E-1	1.183594E-1
8.334376E-1	1.183594E-1
8.363673E-1	1.187500E-1
8.381251E-1	1.187500E-1
8.369533E-1	1.183594E-1
8.293361E-1	1.179687E-1
8.176173E-1	1.167969E-1
8.012111E-1	1.152344E-1
7.789454E-1	1.136719E-1
7.543360E-1	1.117187E-1
7.279689E-1	1.093750E-1
6.992579E-1	1.070312E-1
6.676173E-1	1.042969E-1
6.342188E-1	1.019531E-1
5.961329E-1	9.882811E-2
5.551173E-1	9.531249E-2
5.123438E-1	9.140624E-2
4.695704E-1	8.710937E-2
4.232813E-1	8.281249E-2
3.717188E-1	7.734374E-2
3.183985E-1	7.226562E-2
2.644922E-1	6.679687E-2
2.117578E-1	6.054687E-2
1.601953E-1	5.390624E-2
1.115625E-1	4.726562E-2
6.644531E-2	4.023437E-2
2.249999E-2	3.203125E-2
-1.382814E-2	2.304687E-2
-4.371096E-2	1.289062E-2
-7.769534E-2	1.171875E-3
-1.157813E-1	-1.132812E-2
-1.650000E-1	-2.500000E-2
-2.253516E-1	-3.906250E-2
-2.839454E-1	-5.156249E-2
-3.378516E-1	-6.249999E-2
-3.905860E-1	-7.187499E-2
-4.439063E-1	-8.046874E-2
-4.919532E-1	-8.789062E-2
-5.358985E-1	-9.414062E-2
-5.792579E-1	-9.921874E-2
-6.202736E-1	-1.039062E-1
-6.583595E-1	-1.085937E-1
-6.923439E-1	-1.128906E-1
-7.251564E-1	-1.164062E-1
-7.526955E-1	-1.191406E-1
-7.743751E-1	-1.214844E-1
-7.907814E-1	-1.234375E-1
-8.054298E-1	-1.250000E-1
-8.165627E-1	-1.257812E-1
-8.247658E-1	-1.265625E-1
-8.317970E-1	-1.269531E-1
-8.376564E-1	-1.273437E-1
-8.405861E-1	-1.277344E-1
-8.423439E-1	-1.277344E-1
-8.400002E-1	-1.273437E-1
-8.323830E-1	-1.265625E-1
-8.194923E-1	-1.257812E-1
-8.019142E-1	-1.242187E-1
-7.802345E-1	-1.226562E-1
-7.562111E-1	-1.203125E-1
-7.304298E-1	-1.183594E-1
-7.028908E-1	-1.156250E-1
-6.730079E-1	-1.128906E-1
-6.390236E-1	-1.097656E-1
-6.003517E-1	-1.062500E-1
-5.575782E-1	-1.023437E-1
-5.136329E-1	-9.843749E-2
-4.708595E-1	-9.414062E-2
-4.239845E-1	-8.984374E-2
-3.741798E-1	-8.476562E-2
-3.214454E-1	-7.890624E-2
-2.681251E-1	-7.265624E-2
-2.130469E-1	-6.640624E-2
-1.626563E-1	-5.937499E-2
-1.134375E-1	-5.234374E-2
-6.773440E-2	-4.492187E-2
-2.437502E-2	-3.710937E-2
9.023422E-3	-2.812500E-2
4.007812E-2	-1.796875E-2
7.347656E-2	-6.249999E-3
1.115625E-1	6.640624E-3
1.631250E-1	2.070312E-2
2.240625E-1	3.476562E-2
2.797266E-1	4.726562E-2
3.324610E-1	5.742187E-2
3.875391E-1	6.640624E-2
4.408594E-1	7.382812E-2
4.894923E-1	8.124999E-2
5.346094E-1	8.749999E-2
5.756251E-1	9.296874E-2
6.166407E-1	9.726562E-2
6.553126E-1	1.011719E-1
6.910548E-1	1.046875E-1
7.244532E-1	1.082031E-1
7.519923E-1	1.109375E-1
7.736720E-1	1.128906E-1
7.912501E-1	1.148437E-1
8.047267E-1	1.160156E-1
8.146876E-1	1.171875E-1
8.234767E-1	1.175781E-1
8.299220E-1	1.183594E-1
8.340236E-1	1.183594E-1
8.369533E-1	1.187500E-1
8.392970E-1	1.187500E-1
8.369533E-1	1.183594E-1
8.287501E-1	1.175781E-1
8.158595E-1	1.164062E-1
7.982814E-1	1.152344E-1
7.760157E-1	1.132812E-1
7.508204E-1	1.113281E-1
7.238673E-1	1.089844E-1
6.945704E-1	1.066406E-1
6.635157E-1	1.039062E-1
6.295313E-1	1.011719E-1
5.908595E-1	9.843749E-2
5.492579E-1	9.492187E-2
5.064844E-1	9.101562E-2
4.631251E-1	8.671874E-2
4.162501E-1	8.203124E-2
3.652735E-1	7.656249E-2
3.101953E-1	7.148437E-2
2.568750E-1	6.601562E-2
2.047266E-1	5.937499E-2
1.531641E-1	5.312499E-2
1.051172E-1	4.648437E-2
5.999999E-2	3.906250E-2
1.722655E-2	3.085937E-2
-1.792971E-2	2.148437E-2
-4.898440E-2	1.093750E-2
-8.355472E-2	-7.812499E-4
-1.228125E-1	-1.328125E-2
-1.743750E-1	-2.734375E-2
-2.353126E-1	-4.101562E-2
-2.927344E-1	-5.351562E-2
-3.460548E-1	-6.406249E-2
-3.982032E-1	-7.304687E-2
-4.515235E-1	-8.164062E-2
-4.989845E-1	-8.867187E-2
-5.423439E-1	-9.492187E-2
-5.857032E-1	-9.999999E-2
-6.261329E-1	-1.046875E-1
-6.642189E-1	-1.093750E-1
-6.976173E-1	-1.132812E-1
-7.298439E-1	-1.167969E-1
-7.562111E-1	-1.195312E-1
-7.767189E-1	-1.218750E-1
-7.937111E-1	-1.234375E-1
-8.071877E-1	-1.250000E-1
-8.165627E-1	-1.257812E-1
-8.253517E-1	-1.265625E-1
-8.323830E-1	-1.269531E-1
-8.364845E-1	-1.273437E-1
-8.400002E-1	-1.273437E-1
-8.411720E-1	-1.273437E-1
-8.382423E-1	-1.273437E-1
-8.288673E-1	-1.265625E-1
-8.153908E-1	-1.253906E-1
-7.983986E-1	-1.238281E-1
-7.755470E-1	-1.222656E-1
-7.521095E-1	-1.199219E-1
-7.257423E-1	-1.175781E-1
-6.970314E-1	-1.152344E-1
-6.677345E-1	-1.125000E-1
-6.337501E-1	-1.089844E-1
-5.939064E-1	-1.054687E-1
-5.505470E-1	-1.015625E-1
-5.066017E-1	-9.765624E-2
-4.638282E-1	-9.374999E-2
-4.169532E-1	-8.906249E-2
-3.671485E-1	-8.359374E-2
-3.150001E-1	-7.812499E-2
-2.610938E-1	-7.187499E-2
-2.066016E-1	-6.523437E-2
-1.556250E-1	-5.859374E-2
-1.075782E-1	-5.156249E-2
-6.187503E-2	-4.375000E-2
-1.910158E-2	-3.593750E-2
1.371092E-2	-2.695312E-2
4.417968E-2	-1.601562E-2
7.757812E-2	-4.687500E-3
1.180078E-1	8.203124E-3
1.713281E-1	2.265625E-2
2.328516E-1	3.632812E-2
2.867578E-1	4.843750E-2
3.400782E-1	5.859374E-2
3.945704E-1	6.757812E-2
4.473047E-1	7.499999E-2
4.953516E-1	8.203124E-2
5.392970E-1	8.828124E-2
5.808985E-1	9.335937E-2
6.213282E-1	9.804686E-2
6.594142E-1	1.015625E-1
6.951564E-1	1.050781E-1
7.279689E-1	1.085937E-1
7.549220E-1	1.113281E-1
7.766017E-1	1.132812E-1
7.924220E-1	1.152344E-1
8.053126E-1	1.164062E-1
8.158595E-1	1.171875E-1
8.240626E-1	1.179687E-1
8.299220E-1	1.183594E-1
8.346095E-1	1.187500E-1
8.375392E-1	1.187500E-1
8.392970E-1	1.187500E-1
8.357814E-1	1.183594E-1
8.264064E-1	1.175781E-1
8.123439E-1	1.164062E-1
7.935939E-1	1.148437E-1
7.713282E-1	1.132812E-1
7.467189E-1	1.113281E-1
7.197657E-1	1.089844E-1
6.910548E-1	1.066406E-1
6.594142E-1	1.039062E-1
6.248438E-1	1.011719E-1
5.850001E-1	9.804686E-2
5.445704E-1	9.453124E-2
5.017969E-1	9.062499E-2
4.578516E-1	8.632812E-2
4.109766E-1	8.124999E-2
3.582422E-1	7.617187E-2
3.037500E-1	7.070312E-2
2.504297E-1	6.523437E-2
1.976953E-1	5.859374E-2
1.473047E-1	5.234374E-2
9.867188E-2	4.570312E-2
5.414062E-2	3.789062E-2
1.253905E-2	3.007812E-2
-2.144533E-2	2.031250E-2
-5.250003E-2	9.765624E-3
-8.765628E-2	-1.953125E-3
-1.275000E-1	-1.484375E-2
-1.814063E-1	-2.890625E-2
-2.417579E-1	-4.218750E-2
-2.985938E-1	-5.468749E-2
-3.519141E-1	-6.484374E-2
-4.046485E-1	-7.421874E-2
-4.567970E-1	-8.242187E-2
-5.042579E-1	-8.945312E-2
-5.476173E-1	-9.531249E-2
-5.903907E-1	-1.003906E-1
-6.302345E-1	-1.050781E-1
-6.689064E-1	-1.097656E-1
-7.017189E-1	-1.136719E-1
-7.327736E-1	-1.171875E-1
-7.585548E-1	-1.199219E-1
-7.790626E-1	-1.222656E-1
-7.954689E-1	-1.238281E-1
-8.083595E-1	-1.250000E-1
-8.177345E-1	-1.261719E-1
-8.265236E-1	-1.265625E-1
-8.335548E-1	-1.273437E-1
-8.376564E-1	-1.273437E-1
-8.411720E-1	-1.277344E-1
-8.423439E-1	-1.273437E-1
-8.388283E-1	-1.273437E-1
-8.282814E-1	-1.265625E-1
-8.136330E-1	-1.253906E-1
-7.960548E-1	-1.238281E-1
-7.726173E-1	-1.218750E-1
-7.480080E-1	-1.195312E-1
-7.216408E-1	-1.171875E-1
-6.935158E-1	-1.148437E-1
-6.636329E-1	-1.117187E-1
-6.284767E-1	-1.085937E-1
-5.886329E-1	-1.050781E-1
-5.441017E-1	-1.011719E-1
-5.013282E-1	-9.726562E-2
-4.579688E-1	-9.296874E-2
-4.105079E-1	-8.828124E-2
-3.607032E-1	-8.281249E-2
-3.079688E-1	-7.734374E-2
-2.534766E-1	-7.109374E-2
-1.995704E-1	-6.445312E-2
-1.491797E-1	-5.742187E-2
-1.017188E-1	-5.039062E-2
-5.542971E-2	-4.296875E-2
-1.441408E-2	-3.515625E-2
1.781249E-2	-2.578125E-2
4.828124E-2	-1.484375E-2
8.226562E-2	-3.125000E-3
1.238672E-1	1.015625E-2
1.795313E-1	2.421875E-2
2.392969E-1	3.828125E-2
2.943750E-1	4.999999E-2
3.476954E-1	5.976562E-2
4.027735E-1	6.835937E-2
4.549219E-1	7.578124E-2
5.023829E-1	8.281249E-2
5.451563E-1	8.906249E-2
5.861720E-1	9.414062E-2
6.271876E-1	9.843749E-2
6.658595E-1	1.023437E-1
7.010157E-1	1.058594E-1
7.326564E-1	1.089844E-1
7.584376E-1	1.117187E-1
7.783595E-1	1.136719E-1
7.947657E-1	1.152344E-1
8.076564E-1	1.164062E-1
8.176173E-1	1.171875E-1
8.252345E-1	1.179687E-1
8.305079E-1	1.183594E-1
8.346095E-1	1.187500E-1
8.375392E-1	1.187500E-1
8.387111E-1	1.183594E-1
8.340236E-1	1.179687E-1
8.240626E-1	1.171875E-1
8.105861E-1	1.160156E-1
7.924220E-1	1.144531E-1
7.689845E-1	1.128906E-1
7.432032E-1	1.109375E-1
7.156642E-1	1.085937E-1
6.869532E-1	1.058594E-1
6.547267E-1	1.035156E-1
6.195704E-1	1.003906E-1
5.803126E-1	9.765624E-2
5.381251E-1	9.374999E-2
4.959376E-1	8.984374E-2
4.519922E-1	8.554687E-2
4.033594E-1	8.046874E-2
3.506250E-1	7.499999E-2
2.961328E-1	6.992187E-2
2.433985E-1	6.445312E-2
1.900781E-1	5.781249E-2
1.396875E-1	5.117187E-2
9.281250E-2	4.453125E-2
4.828124E-2	3.671875E-2
6.679672E-3	2.851562E-2
-2.671877E-2	1.875000E-2
-5.777346E-2	8.203124E-3
-9.351566E-2	-3.906250E-3
-1.345313E-1	-1.679687E-2
-1.896094E-1	-3.085937E-2
-2.499610E-1	-4.414062E-2
-3.067969E-1	-5.624999E-2
-3.595313E-1	-6.640624E-2
-4.122657E-1	-7.539062E-2
-4.644142E-1	-8.359374E-2
-5.101173E-1	-9.023437E-2
-5.534767E-1	-9.609374E-2
-5.962501E-1	-1.011719E-1
-6.360939E-1	-1.058594E-1
-6.730079E-1	-1.101562E-1
-7.064064E-1	-1.140625E-1
-7.368751E-1	-1.175781E-1
-7.614845E-1	-1.203125E-1
-7.814064E-1	-1.222656E-1
-7.972267E-1	-1.242187E-1
-8.095314E-1	-1.253906E-1
-8.189064E-1	-1.261719E-1
-8.276955E-1	-1.269531E-1
-8.341408E-1	-1.273437E-1
-8.382423E-1	-1.273437E-1
-8.411720E-1	-1.277344E-1
-8.417580E-1	-1.277344E-1
-8.370705E-1	-1.269531E-1
-8.265236E-1	-1.261719E-1
-8.118752E-1	-1.250000E-1
-7.925392E-1	-1.234375E-1
-7.691017E-1	-1.218750E-1
-7.444923E-1	-1.195312E-1
-7.181251E-1	-1.171875E-1
-6.894142E-1	-1.144531E-1
-6.583595E-1	-1.117187E-1
-6.226173E-1	-1.082031E-1
-5.821876E-1	-1.046875E-1
-5.382423E-1	-1.007812E-1
-4.954689E-1	-9.648437E-2
-4.515235E-1	-9.257812E-2
-4.034766E-1	-8.749999E-2
-3.530860E-1	-8.242187E-2
-2.997657E-1	-7.617187E-2
-2.452735E-1	-6.992187E-2
-1.919532E-1	-6.328124E-2
-1.421485E-1	-5.664062E-2
-9.468753E-2	-4.960937E-2
-4.839846E-2	-4.179687E-2
-8.554706E-3	-3.359375E-2
2.308592E-2	-2.421875E-2
5.355468E-2	-1.328125E-2
8.753906E-2	-1.171875E-3
1.314844E-1	1.210937E-2
1.889063E-1	2.656250E-2
2.480860E-1	4.023437E-2
3.019922E-1	5.156249E-2
3.558985E-1	6.132812E-2
4.098047E-1	6.953124E-2
4.607813E-1	7.695312E-2
5.076563E-1	8.359374E-2
5.510157E-1	8.945312E-2
5.920313E-1	9.453124E-2
6.324610E-1	9.882811E-2
6.705470E-1	1.023437E-1
7.051173E-1	1.062500E-1
7.367579E-1	1.093750E-1
7.613673E-1	1.117187E-1
7.807032E-1	1.136719E-1
7.971095E-1	1.152344E-1
8.088282E-1	1.164062E-1
8.187892E-1	1.171875E-1
8.258204E-1	1.179687E-1
8.316798E-1	1.183594E-1
8.357814E-1	1.183594E-1
8.381251E-1	1.187500E-1
8.387111E-1	1.187500E-1
8.328517E-1	1.183594E-1
8.223048E-1	1.171875E-1
8.076564E-1	1.160156E-1
7.883204E-1	1.144531E-1
7.642970E-1	1.125000E-1
7.396876E-1	1.105469E-1
7.115626E-1	1.082031E-1
6.822657E-1	1.054687E-1
6.506251E-1	1.031250E-1
6.142970E-1	9.999999E-2
5.732813E-1	9.687499E-2
5.316798E-1	9.335937E-2
4.889063E-1	8.906249E-2
4.449610E-1	8.476562E-2
3.963282E-1	7.968749E-2
3.435938E-1	7.421874E-2
2.896875E-1	6.914062E-2
2.363672E-1	6.328124E-2
1.842188E-1	5.703124E-2
1.344141E-1	5.039062E-2
8.695312E-2	4.335937E-2
4.359374E-2	3.593750E-2
1.992171E-3	2.734375E-2
-2.964846E-2	1.757812E-2
-6.187503E-2	6.640624E-3
-9.761722E-2	-5.859374E-3
-1.415625E-1	-1.875000E-2
-1.983985E-1	-3.281250E-2
-2.587501E-1	-4.609375E-2
-3.144141E-1	-5.781249E-2
-3.671485E-1	-6.796874E-2
-4.198829E-1	-7.656249E-2
-4.708595E-1	-8.476562E-2
-5.159767E-1	-9.140624E-2
-5.587501E-1	-9.687499E-2
-6.015236E-1	-1.019531E-1
-6.413673E-1	-1.066406E-1
-6.782814E-1	-1.109375E-1
-7.110939E-1	-1.148437E-1
-7.415626E-1	-1.179687E-1
-7.655861E-1	-1.207031E-1
-7.831642E-1	-1.226562E-1
-7.995705E-1	-1.242187E-1
-8.112892E-1	-1.253906E-1
-8.206642E-1	-1.265625E-1
-8.282814E-1	-1.269531E-1
-8.341408E-1	-1.273437E-1
-8.382423E-1	-1.277344E-1
-8.411720E-1	-1.277344E-1
-8.417580E-1	-1.277344E-1
-8.364845E-1	-1.269531E-1
-8.241798E-1	-1.261719E-1
-8.095314E-1	-1.250000E-1
-7.907814E-1	-1.234375E-1
-7.673439E-1	-1.214844E-1
-7.427345E-1	-1.191406E-1
-7.146095E-1	-1.167969E-1
-6.858986E-1	-1.140625E-1
-6.548439E-1	-1.113281E-1
-6.179298E-1	-1.078125E-1
-5.763282E-1	-1.039062E-1
-5.323829E-1	-1.003906E-1
-4.896095E-1	-9.609374E-2
-4.450782E-1	-9.179687E-2
-3.964454E-1	-8.710937E-2
-3.454688E-1	-8.164062E-2
-2.921485E-1	-7.539062E-2
-2.370704E-1	-6.914062E-2
-1.843360E-1	-6.249999E-2
-1.339454E-1	-5.546874E-2
-8.824222E-2	-4.843750E-2
-4.312502E-2	-4.062500E-2
-4.453142E-3	-3.242187E-2
2.660155E-2	-2.265625E-2
5.824218E-2	-1.132812E-2
9.398437E-2	7.812499E-4
1.391016E-1	1.445312E-2
1.982813E-1	2.851562E-2
2.562891E-1	4.179687E-2
3.096094E-1	5.312499E-2
3.635157E-1	6.249999E-2
4.180079E-1	7.070312E-2
4.689844E-1	7.773437E-2
5.146876E-1	8.476562E-2
5.568751E-1	9.023437E-2
5.978907E-1	9.531249E-2
6.383204E-1	9.921874E-2
6.752345E-1	1.031250E-1
7.103907E-1	1.066406E-1
7.414454E-1	1.097656E-1
7.654689E-1	1.121094E-1
7.836329E-1	1.140625E-1
7.994532E-1	1.152344E-1
8.100001E-1	1.164062E-1
8.193751E-1	1.171875E-1
8.269923E-1	1.179687E-1
8.322658E-1	1.183594E-1
8.363673E-1	1.183594E-1
8.387111E-1	1.187500E-1
8.381251E-1	1.183594E-1
8.316798E-1	1.179687E-1
8.205470E-1	1.171875E-1
8.053126E-1	1.156250E-1
7.848048E-1	1.140625E-1
7.607814E-1	1.121094E-1
7.355860E-1	1.101562E-1
7.074610E-1	1.078125E-1
6.781642E-1	1.050781E-1
6.453517E-1	1.027344E-1
6.090235E-1	9.960936E-2
5.685938E-1	9.648437E-2
5.258204E-1	9.257812E-2
4.836329E-1	8.867187E-2
4.379297E-1	8.398437E-2
3.887110E-1	7.890624E-2
3.359766E-1	7.382812E-2
2.826563E-1	6.874999E-2
2.293360E-1	6.289062E-2
1.760156E-1	5.624999E-2
1.267969E-1	4.921874E-2
8.050781E-2	4.257812E-2
3.714843E-2	3.476562E-2
-2.695330E-3	2.617187E-2
-3.316408E-2	1.601562E-2
-6.597659E-2	5.078124E-3
-1.028907E-1	-7.421874E-3
-1.480079E-1	-2.070312E-2
-2.060157E-1	-3.476562E-2
-2.663672E-1	-4.765625E-2
-3.208594E-1	-5.937499E-2
-3.741798E-1	-6.914062E-2
-4.269142E-1	-7.773437E-2
-4.767188E-1	-8.554687E-2
-5.212501E-1	-9.218749E-2
-5.646095E-1	-9.765624E-2
-6.067970E-1	-1.023437E-1
-6.460548E-1	-1.070312E-1
-6.823829E-1	-1.113281E-1
-7.151955E-1	-1.152344E-1
-7.439064E-1	-1.183594E-1
-7.673439E-1	-1.210937E-1
-7.860939E-1	-1.230469E-1
-8.013283E-1	-1.242187E-1
-8.124611E-1	-1.253906E-1
-8.218361E-1	-1.261719E-1
-8.294533E-1	-1.269531E-1
-8.347267E-1	-1.273437E-1
-8.388283E-1	-1.273437E-1
-8.423439E-1	-1.273437E-1
-8.417580E-1	-1.273437E-1
-8.347267E-1	-1.269531E-1
-8.218361E-1	-1.257812E-1
-8.060158E-1	-1.246094E-1
-7.855080E-1	-1.230469E-1
-7.626564E-1	-1.207031E-1
-7.374611E-1	-1.187500E-1
-7.099220E-1	-1.160156E-1
-6.806251E-1	-1.136719E-1
-6.489845E-1	-1.105469E-1
-6.120704E-1	-1.070312E-1
-5.704689E-1	-1.035156E-1
-5.265235E-1	-9.960936E-2
-4.837501E-1	-9.570312E-2
-4.386329E-1	-9.101562E-2
-3.888282E-1	-8.632812E-2
-3.372657E-1	-8.046874E-2
-2.845313E-1	-7.460937E-2
-2.300391E-1	-6.835937E-2
-1.773047E-1	-6.171874E-2
-1.280860E-1	-5.468749E-2
-8.179691E-2	-4.726562E-2
-3.726565E-2	-3.984375E-2
2.343584E-4	-3.125000E-2
3.070311E-2	-2.109375E-2
6.292968E-2	-1.015625E-2
9.925781E-2	2.343750E-3
1.461328E-1	1.601562E-2
2.058985E-1	3.046875E-2
2.627344E-1	4.335937E-2
3.160547E-1	5.390624E-2
3.693750E-1	6.367187E-2
4.238672E-1	7.148437E-2
4.748438E-1	7.851562E-2
5.199610E-1	8.554687E-2
5.615626E-1	9.101562E-2
6.031641E-1	9.570312E-2
6.424220E-1	9.999999E-2
6.793360E-1	1.035156E-1
7.139064E-1	1.070312E-1
7.437892E-1	1.101562E-1
7.666407E-1	1.125000E-1
7.853907E-1	1.140625E-1
7.994532E-1	1.156250E-1
8.105861E-1	1.167969E-1
8.199611E-1	1.175781E-1
8.269923E-1	1.179687E-1
8.322658E-1	1.183594E-1
8.357814E-1	1.183594E-1
8.381251E-1	1.187500E-1
8.363673E-1	1.183594E-1
8.293361E-1	1.175781E-1
8.182032E-1	1.167969E-1
8.029689E-1	1.156250E-1
7.824611E-1	1.140625E-1
7.572657E-1	1.121094E-1
7.320704E-1	1.097656E-1
7.039454E-1	1.074219E-1
6.740626E-1	1.050781E-1
6.406642E-1	1.023437E-1
6.037501E-1	9.921874E-2
5.627345E-1	9.609374E-2
5.211329E-1	9.218749E-2
4.777735E-1	8.789062E-2
4.326563E-1	8.359374E-2
3.828516E-1	7.851562E-2
3.295313E-1	7.304687E-2
2.762110E-1	6.796874E-2
2.234766E-1	6.210937E-2
1.713281E-1	5.546874E-2
1.221094E-1	4.882812E-2
7.640625E-2	4.179687E-2
3.187499E-2	3.398437E-2
-6.210955E-3	2.539062E-2
-3.726565E-2	1.523437E-2
-7.007815E-2	3.906250E-3
-1.069922E-1	-8.593749E-3
-1.532813E-1	-2.187500E-2
-2.118751E-1	-3.593750E-2
-2.716407E-1	-4.882812E-2
-3.261329E-1	-6.015624E-2
-3.794532E-1	-6.992187E-2
-4.316017E-1	-7.851562E-2
-4.819923E-1	-8.632812E-2
-5.259376E-1	-9.257812E-2
-5.692970E-1	-9.804686E-2
-6.103126E-1	-1.027344E-1
-6.501564E-1	-1.074219E-1
-6.853126E-1	-1.117187E-1
-7.187111E-1	-1.152344E-1
-7.468361E-1	-1.183594E-1
-7.696876E-1	-1.210937E-1
-7.872658E-1	-1.230469E-1
-8.025002E-1	-1.242187E-1
-8.136330E-1	-1.253906E-1
-8.230080E-1	-1.261719E-1
-8.300392E-1	-1.269531E-1
-8.358986E-1	-1.273437E-1
-8.394142E-1	-1.273437E-1
-8.417580E-1	-1.277344E-1
-8.405861E-1	-1.273437E-1
-8.335548E-1	-1.265625E-1
-8.206642E-1	-1.257812E-1
-8.048439E-1	-1.246094E-1
-7.831642E-1	-1.226562E-1
-7.603126E-1	-1.207031E-1
-7.339455E-1	-1.183594E-1
-7.064064E-1	-1.160156E-1
-6.782814E-1	-1.132812E-1
-6.454689E-1	-1.101562E-1
-6.079689E-1	-1.066406E-1
-5.651954E-1	-1.031250E-1
-5.218360E-1	-9.921874E-2
-4.790626E-1	-9.492187E-2
-4.327735E-1	-9.062499E-2
-3.841407E-1	-8.554687E-2
-3.319923E-1	-8.007812E-2
-2.775001E-1	-7.382812E-2
-2.230079E-1	-6.718749E-2
-1.702735E-1	-6.054687E-2
-1.216407E-1	-5.390624E-2
-7.535159E-2	-4.609375E-2
-3.140627E-2	-3.867187E-2
4.921859E-3	-3.007812E-2
3.480468E-2	-1.992187E-2
6.761718E-2	-8.593749E-3
1.045313E-1	4.296875E-3
