X (Volt)	Y (Volt)
8.695312E-2	3.906250E-4
1.396875E-1	7.031249E-3
1.953516E-1	1.250000E-2
2.486719E-1	1.796875E-2
2.996485E-1	2.226562E-2
3.465235E-1	2.617187E-2
3.916407E-1	2.929687E-2
4.385157E-1	3.164062E-2
4.836329E-1	3.437500E-2
5.246485E-1	3.671875E-2
5.615626E-1	3.867187E-2
5.990626E-1	4.062500E-2
6.353907E-1	4.257812E-2
6.705470E-1	4.414062E-2
7.021876E-1	4.609375E-2
7.320704E-1	4.726562E-2
7.549220E-1	4.843750E-2
7.725001E-1	4.921874E-2
7.871486E-1	4.960937E-2
7.982814E-1	4.999999E-2
8.070704E-1	5.039062E-2
8.141017E-1	5.039062E-2
8.187892E-1	5.078124E-2
8.217189E-1	5.078124E-2
8.246486E-1	5.078124E-2
8.258204E-1	5.078124E-2
8.217189E-1	5.039062E-2
8.129298E-1	4.999999E-2
7.976954E-1	4.921874E-2
7.771876E-1	4.804687E-2
7.531642E-1	4.687500E-2
7.262110E-1	4.531250E-2
6.969142E-1	4.375000E-2
6.664454E-1	4.218750E-2
6.336329E-1	4.023437E-2
5.984766E-1	3.828125E-2
5.603907E-1	3.632812E-2
5.228907E-1	3.398437E-2
4.812891E-1	3.203125E-2
4.379297E-1	2.968750E-2
3.875391E-1	2.695312E-2
3.336329E-1	2.382812E-2
2.803125E-1	2.109375E-2
2.281641E-1	1.796875E-2
1.766016E-1	1.523437E-2
1.250391E-1	1.210937E-2
7.699218E-2	9.374999E-3
3.011718E-2	6.640624E-3
-1.500002E-2	3.125000E-3
-5.308596E-2	-1.171875E-3
-9.703128E-2	-7.031249E-3
-1.491797E-1	-1.289062E-2
-2.036719E-1	-1.914062E-2
-2.581641E-1	-2.421875E-2
-3.103126E-1	-2.890625E-2
-3.571876E-1	-3.281250E-2
-4.017188E-1	-3.593750E-2
-4.468360E-1	-3.867187E-2
-4.919532E-1	-4.101562E-2
-5.317970E-1	-4.335937E-2
-5.698829E-1	-4.531250E-2
-6.067970E-1	-4.726562E-2
-6.425392E-1	-4.921874E-2
-6.771095E-1	-5.117187E-2
-7.087501E-1	-5.273437E-2
-7.368751E-1	-5.429687E-2
-7.591408E-1	-5.507812E-2
-7.755470E-1	-5.624999E-2
-7.890236E-1	-5.664062E-2
-8.007423E-1	-5.742187E-2
-8.095314E-1	-5.742187E-2
-8.159767E-1	-5.781249E-2
-8.212502E-1	-5.781249E-2
-8.259377E-1	-5.781249E-2
-8.282814E-1	-5.820312E-2
-8.294533E-1	-5.781249E-2
-8.253517E-1	-5.781249E-2
-8.148048E-1	-5.703124E-2
-8.001564E-1	-5.624999E-2
-7.796486E-1	-5.507812E-2
-7.562111E-1	-5.351562E-2
-7.298439E-1	-5.234374E-2
-7.017189E-1	-5.039062E-2
-6.724220E-1	-4.882812E-2
-6.390236E-1	-4.687500E-2
-6.026954E-1	-4.492187E-2
-5.646095E-1	-4.296875E-2
-5.235939E-1	-4.062500E-2
-4.825782E-1	-3.867187E-2
-4.386329E-1	-3.632812E-2
-3.900001E-1	-3.398437E-2
-3.372657E-1	-3.125000E-2
-2.839454E-1	-2.812500E-2
-2.306251E-1	-2.500000E-2
-1.778907E-1	-2.226562E-2
-1.275000E-1	-1.914062E-2
-8.003909E-2	-1.601562E-2
-3.140627E-2	-1.289062E-2
1.195311E-2	-9.765624E-3
4.886718E-2	-5.078124E-3
9.164062E-2	7.812499E-4
1.443750E-1	7.421874E-3
1.994531E-1	1.289062E-2
2.527735E-1	1.796875E-2
3.031641E-1	2.265625E-2
3.500391E-1	2.617187E-2
3.951563E-1	2.929687E-2
4.414454E-1	3.203125E-2
4.865626E-1	3.437500E-2
5.269923E-1	3.671875E-2
5.639063E-1	3.867187E-2
6.008204E-1	4.062500E-2
6.371485E-1	4.257812E-2
6.723048E-1	4.453125E-2
7.045314E-1	4.609375E-2
7.338282E-1	4.726562E-2
7.560939E-1	4.843750E-2
7.730861E-1	4.921874E-2
7.877345E-1	4.960937E-2
7.988673E-1	4.999999E-2
8.070704E-1	5.039062E-2
8.141017E-1	5.078124E-2
8.187892E-1	5.078124E-2
8.223048E-1	5.078124E-2
8.246486E-1	5.078124E-2
8.252345E-1	5.078124E-2
8.211329E-1	5.039062E-2
8.111720E-1	4.960937E-2
7.959376E-1	4.882812E-2
7.748439E-1	4.804687E-2
7.508204E-1	4.687500E-2
7.244532E-1	4.531250E-2
6.963282E-1	4.375000E-2
6.652735E-1	4.179687E-2
6.318751E-1	4.023437E-2
5.955470E-1	3.828125E-2
5.568751E-1	3.593750E-2
5.187891E-1	3.398437E-2
4.777735E-1	3.164062E-2
4.332422E-1	2.929687E-2
3.834375E-1	2.656250E-2
3.301172E-1	2.382812E-2
2.773828E-1	2.070312E-2
2.258203E-1	1.796875E-2
1.730860E-1	1.484375E-2
1.226953E-1	1.210937E-2
7.464843E-2	9.374999E-3
2.777343E-2	6.249999E-3
-1.675783E-2	3.125000E-3
-5.425784E-2	-1.562500E-3
-9.878910E-2	-7.031249E-3
-1.509375E-1	-1.328125E-2
-2.060157E-1	-1.914062E-2
-2.599219E-1	-2.460937E-2
-3.114844E-1	-2.890625E-2
-3.583595E-1	-3.281250E-2
-4.017188E-1	-3.593750E-2
-4.485938E-1	-3.867187E-2
-4.919532E-1	-4.101562E-2
-5.312110E-1	-4.335937E-2
-5.704689E-1	-4.531250E-2
-6.073829E-1	-4.726562E-2
-6.437111E-1	-4.921874E-2
-6.771095E-1	-5.117187E-2
-7.087501E-1	-5.273437E-2
-7.368751E-1	-5.429687E-2
-7.591408E-1	-5.546874E-2
-7.755470E-1	-5.624999E-2
-7.896095E-1	-5.664062E-2
-8.013283E-1	-5.703124E-2
-8.101173E-1	-5.742187E-2
-8.165627E-1	-5.781249E-2
-8.212502E-1	-5.781249E-2
-8.253517E-1	-5.781249E-2
-8.276955E-1	-5.781249E-2
-8.288673E-1	-5.781249E-2
-8.247658E-1	-5.781249E-2
-8.142189E-1	-5.703124E-2
-7.989845E-1	-5.624999E-2
-7.784767E-1	-5.507812E-2
-7.550392E-1	-5.351562E-2
-7.286720E-1	-5.195312E-2
-7.005470E-1	-5.039062E-2
-6.712501E-1	-4.882812E-2
-6.378517E-1	-4.687500E-2
-6.009376E-1	-4.492187E-2
-5.616798E-1	-4.257812E-2
-5.212501E-1	-4.062500E-2
-4.802345E-1	-3.867187E-2
-4.357032E-1	-3.632812E-2
-3.870704E-1	-3.359375E-2
-3.349219E-1	-3.085937E-2
-2.816016E-1	-2.773437E-2
-2.282813E-1	-2.500000E-2
-1.761329E-1	-2.187500E-2
-1.257422E-1	-1.914062E-2
-7.769534E-2	-1.601562E-2
-2.906252E-2	-1.289062E-2
1.429686E-2	-9.374999E-3
5.121093E-2	-4.687500E-3
9.457031E-2	1.171875E-3
1.478906E-1	7.812499E-3
2.029688E-1	1.328125E-2
2.557032E-1	1.835937E-2
3.060938E-1	2.265625E-2
3.523829E-1	2.656250E-2
3.980860E-1	2.968750E-2
4.443751E-1	3.203125E-2
4.883204E-1	3.476562E-2
5.287501E-1	3.671875E-2
5.656641E-1	3.906250E-2
6.031641E-1	4.101562E-2
6.394923E-1	4.296875E-2
6.740626E-1	4.453125E-2
7.062892E-1	4.609375E-2
7.350001E-1	4.765625E-2
7.572657E-1	4.843750E-2
7.742579E-1	4.921874E-2
7.883204E-1	4.960937E-2
7.994532E-1	4.999999E-2
8.082423E-1	5.039062E-2
8.141017E-1	5.078124E-2
8.187892E-1	5.078124E-2
8.228907E-1	5.078124E-2
8.252345E-1	5.078124E-2
8.258204E-1	5.078124E-2
8.217189E-1	5.039062E-2
8.117579E-1	4.999999E-2
7.965236E-1	4.882812E-2
7.748439E-1	4.804687E-2
7.502345E-1	4.687500E-2
7.238673E-1	4.531250E-2
6.939845E-1	4.375000E-2
6.641017E-1	4.179687E-2
6.301173E-1	3.984375E-2
5.943751E-1	3.789062E-2
5.568751E-1	3.593750E-2
5.182032E-1	3.398437E-2
4.766016E-1	3.164062E-2
4.320704E-1	2.929687E-2
3.805079E-1	2.656250E-2
3.271875E-1	2.343750E-2
2.738672E-1	2.070312E-2
2.217188E-1	1.757812E-2
1.695703E-1	1.484375E-2
1.191797E-1	1.210937E-2
7.171875E-2	8.984374E-3
2.425780E-2	6.249999E-3
-1.968752E-2	2.734375E-3
-5.660159E-2	-1.953125E-3
-1.023047E-1	-7.812499E-3
-1.550391E-1	-1.367187E-2
-2.101172E-1	-1.953125E-2
-2.640235E-1	-2.500000E-2
-3.155860E-1	-2.929687E-2
-3.618751E-1	-3.320312E-2
-4.058204E-1	-3.632812E-2
-4.521095E-1	-3.867187E-2
-4.960548E-1	-4.140625E-2
-5.347267E-1	-4.335937E-2
-5.733986E-1	-4.531250E-2
-6.103126E-1	-4.726562E-2
-6.478126E-1	-4.921874E-2
-6.806251E-1	-5.117187E-2
-7.116798E-1	-5.312499E-2
-7.398048E-1	-5.429687E-2
-7.608986E-1	-5.546874E-2
-7.773048E-1	-5.624999E-2
-7.913673E-1	-5.664062E-2
-8.025002E-1	-5.703124E-2
-8.107033E-1	-5.742187E-2
-8.171486E-1	-5.781249E-2
-8.218361E-1	-5.781249E-2
-8.259377E-1	-5.781249E-2
-8.288673E-1	-5.781249E-2
-8.288673E-1	-5.781249E-2
-8.241798E-1	-5.742187E-2
-8.142189E-1	-5.703124E-2
-7.989845E-1	-5.585937E-2
-7.773048E-1	-5.468749E-2
-7.538673E-1	-5.351562E-2
-7.275001E-1	-5.195312E-2
-6.987892E-1	-5.039062E-2
-6.694923E-1	-4.843750E-2
-6.355079E-1	-4.648437E-2
-5.991798E-1	-4.453125E-2
-5.599220E-1	-4.257812E-2
-5.194923E-1	-4.062500E-2
-4.784767E-1	-3.828125E-2
-4.333595E-1	-3.632812E-2
-3.841407E-1	-3.359375E-2
-3.314063E-1	-3.085937E-2
-2.775001E-1	-2.773437E-2
-2.235938E-1	-2.460937E-2
-1.720313E-1	-2.187500E-2
-1.228125E-1	-1.875000E-2
-7.476565E-2	-1.562500E-2
-2.671877E-2	-1.250000E-2
1.664061E-2	-9.374999E-3
5.296874E-2	-4.296875E-3
9.750000E-2	1.562500E-3
1.508203E-1	8.203124E-3
2.058985E-1	1.367187E-2
2.592188E-1	1.875000E-2
3.096094E-1	2.304687E-2
3.553125E-1	2.656250E-2
4.010157E-1	2.968750E-2
4.478907E-1	3.242187E-2
4.912501E-1	3.476562E-2
5.316798E-1	3.710937E-2
5.685938E-1	3.906250E-2
6.060938E-1	4.101562E-2
6.418360E-1	4.296875E-2
6.775782E-1	4.492187E-2
7.092189E-1	4.648437E-2
7.373439E-1	4.765625E-2
7.590236E-1	4.843750E-2
7.760157E-1	4.921874E-2
7.900782E-1	4.960937E-2
8.006251E-1	5.039062E-2
8.088282E-1	5.039062E-2
8.146876E-1	5.078124E-2
8.193751E-1	5.078124E-2
8.228907E-1	5.078124E-2
8.252345E-1	5.078124E-2
8.258204E-1	5.078124E-2
8.199611E-1	5.039062E-2
8.094142E-1	4.960937E-2
7.935939E-1	4.882812E-2
7.719142E-1	4.765625E-2
7.478907E-1	4.648437E-2
7.209376E-1	4.531250E-2
6.916407E-1	4.335937E-2
6.605860E-1	4.179687E-2
6.271876E-1	3.984375E-2
5.914454E-1	3.789062E-2
5.533595E-1	3.554687E-2
5.141016E-1	3.359375E-2
4.730860E-1	3.125000E-2
4.279688E-1	2.890625E-2
3.775782E-1	2.617187E-2
3.236719E-1	2.343750E-2
2.697657E-1	2.031250E-2
2.193750E-1	1.757812E-2
1.672266E-1	1.445312E-2
1.168359E-1	1.171875E-2
6.937500E-2	8.984374E-3
2.191405E-2	5.859374E-3
-2.144533E-2	2.343750E-3
-5.835940E-2	-2.343750E-3
-1.034766E-1	-7.812499E-3
-1.573829E-1	-1.406250E-2
-2.124610E-1	-1.992187E-2
-2.663672E-1	-2.500000E-2
-3.167579E-1	-2.968750E-2
-3.636329E-1	-3.320312E-2
-4.081641E-1	-3.632812E-2
-4.550392E-1	-3.906250E-2
-4.983985E-1	-4.140625E-2
-5.370704E-1	-4.375000E-2
-5.751564E-1	-4.570312E-2
-6.126564E-1	-4.765625E-2
-6.489845E-1	-4.960937E-2
-6.829689E-1	-5.156249E-2
-7.134376E-1	-5.312499E-2
-7.409767E-1	-5.468749E-2
-7.614845E-1	-5.546874E-2
-7.778908E-1	-5.624999E-2
-7.919533E-1	-5.703124E-2
-8.030861E-1	-5.742187E-2
-8.118752E-1	-5.781249E-2
-8.171486E-1	-5.781249E-2
-8.218361E-1	-5.781249E-2
-8.259377E-1	-5.781249E-2
-8.288673E-1	-5.781249E-2
-8.288673E-1	-5.781249E-2
-8.241798E-1	-5.742187E-2
-8.130470E-1	-5.664062E-2
-7.972267E-1	-5.585937E-2
-7.755470E-1	-5.468749E-2
-7.521095E-1	-5.351562E-2
-7.251564E-1	-5.195312E-2
-6.964454E-1	-5.039062E-2
-6.665626E-1	-4.843750E-2
-6.325782E-1	-4.648437E-2
-5.962501E-1	-4.453125E-2
-5.564064E-1	-4.257812E-2
-5.165626E-1	-4.023437E-2
-4.767188E-1	-3.828125E-2
-4.304298E-1	-3.593750E-2
-3.812110E-1	-3.359375E-2
-3.284766E-1	-3.046875E-2
-2.751563E-1	-2.734375E-2
-2.218360E-1	-2.460937E-2
-1.702735E-1	-2.187500E-2
-1.198828E-1	-1.875000E-2
-7.183597E-2	-1.562500E-2
-2.437502E-2	-1.250000E-2
1.839842E-2	-8.984374E-3
5.589843E-2	-4.296875E-3
9.984375E-2	1.953125E-3
1.531641E-1	8.593749E-3
2.088281E-1	1.406250E-2
2.615625E-1	1.914062E-2
3.119532E-1	2.343750E-2
3.576563E-1	2.695312E-2
4.027735E-1	2.968750E-2
4.496485E-1	3.242187E-2
4.935938E-1	3.476562E-2
5.334376E-1	3.710937E-2
5.697657E-1	3.906250E-2
6.066798E-1	4.101562E-2
6.430079E-1	4.296875E-2
6.781642E-1	4.453125E-2
7.098048E-1	4.648437E-2
7.385157E-1	4.765625E-2
7.596095E-1	4.843750E-2
7.760157E-1	4.921874E-2
7.894923E-1	4.960937E-2
8.006251E-1	5.039062E-2
8.088282E-1	5.039062E-2
8.146876E-1	5.078124E-2
8.199611E-1	5.078124E-2
8.234767E-1	5.078124E-2
8.252345E-1	5.078124E-2
8.258204E-1	5.078124E-2
8.205470E-1	5.039062E-2
8.094142E-1	4.960937E-2
7.930079E-1	4.882812E-2
7.719142E-1	4.804687E-2
7.473048E-1	4.648437E-2
7.197657E-1	4.531250E-2
6.904689E-1	4.335937E-2
6.594142E-1	4.179687E-2
6.266017E-1	3.984375E-2
5.902735E-1	3.789062E-2
5.521876E-1	3.593750E-2
5.129298E-1	3.359375E-2
4.707423E-1	3.164062E-2
4.250391E-1	2.890625E-2
3.746485E-1	2.617187E-2
3.207422E-1	2.343750E-2
2.680078E-1	2.031250E-2
2.152735E-1	1.757812E-2
1.631250E-1	1.445312E-2
1.133203E-1	1.171875E-2
6.585937E-2	8.984374E-3
1.898436E-2	5.859374E-3
-2.437502E-2	2.343750E-3
-6.187503E-2	-2.343750E-3
-1.081641E-1	-8.203124E-3
-1.620704E-1	-1.445312E-2
-2.159766E-1	-2.031250E-2
-2.710548E-1	-2.539062E-2
-3.208594E-1	-2.968750E-2
-3.677345E-1	-3.359375E-2
-4.122657E-1	-3.671875E-2
-4.585548E-1	-3.906250E-2
-5.013282E-1	-4.140625E-2
-5.400001E-1	-4.375000E-2
-5.786720E-1	-4.570312E-2
-6.155861E-1	-4.765625E-2
-6.519142E-1	-4.960937E-2
-6.853126E-1	-5.156249E-2
-7.157814E-1	-5.312499E-2
-7.427345E-1	-5.468749E-2
-7.632423E-1	-5.546874E-2
-7.796486E-1	-5.624999E-2
-7.925392E-1	-5.703124E-2
-8.036720E-1	-5.742187E-2
-8.112892E-1	-5.781249E-2
-8.177345E-1	-5.781249E-2
-8.230080E-1	-5.781249E-2
-8.265236E-1	-5.820312E-2
-8.288673E-1	-5.781249E-2
-8.288673E-1	-5.781249E-2
-8.235939E-1	-5.742187E-2
-8.124611E-1	-5.703124E-2
-7.966408E-1	-5.585937E-2
-7.743751E-1	-5.468749E-2
-7.503517E-1	-5.351562E-2
-7.239845E-1	-5.195312E-2
-6.946876E-1	-4.999999E-2
-6.659767E-1	-4.843750E-2
-6.314064E-1	-4.648437E-2
-5.944923E-1	-4.453125E-2
-5.552345E-1	-4.218750E-2
-5.142189E-1	-4.023437E-2
-4.726173E-1	-3.828125E-2
-4.269142E-1	-3.593750E-2
-3.776954E-1	-3.320312E-2
-3.243751E-1	-3.046875E-2
-2.710548E-1	-2.734375E-2
-2.183204E-1	-2.421875E-2
-1.655860E-1	-2.148437E-2
-1.151953E-1	-1.835937E-2
-6.832034E-2	-1.523437E-2
-1.968752E-2	-1.210937E-2
2.191405E-2	-8.593749E-3
5.824218E-2	-3.515625E-3
1.045313E-1	2.734375E-3
1.584375E-1	8.984374E-3
2.129297E-1	1.445312E-2
2.662500E-1	1.953125E-2
3.154688E-1	2.382812E-2
3.611719E-1	2.695312E-2
4.074610E-1	3.007812E-2
4.537501E-1	3.281250E-2
4.971094E-1	3.515625E-2
5.357813E-1	3.750000E-2
5.732813E-1	3.945312E-2
6.107813E-1	4.101562E-2
6.476954E-1	4.296875E-2
6.810938E-1	4.492187E-2
7.121485E-1	4.648437E-2
7.396876E-1	4.765625E-2
7.607814E-1	4.882812E-2
7.766017E-1	4.921874E-2
7.906642E-1	4.999999E-2
8.017970E-1	5.039062E-2
8.094142E-1	5.039062E-2
8.158595E-1	5.078124E-2
8.205470E-1	5.078124E-2
8.240626E-1	5.078124E-2
8.258204E-1	5.078124E-2
8.258204E-1	5.078124E-2
8.199611E-1	5.039062E-2
8.094142E-1	4.960937E-2
7.930079E-1	4.882812E-2
7.713282E-1	4.765625E-2
7.455470E-1	4.648437E-2
7.174220E-1	4.492187E-2
6.892970E-1	4.335937E-2
6.570704E-1	4.179687E-2
6.230860E-1	3.984375E-2
5.867579E-1	3.789062E-2
5.486720E-1	3.554687E-2
5.094141E-1	3.359375E-2
4.672266E-1	3.125000E-2
4.221094E-1	2.890625E-2
3.705469E-1	2.617187E-2
3.160547E-1	2.304687E-2
2.633203E-1	2.031250E-2
2.111719E-1	1.718750E-2
1.590234E-1	1.445312E-2
1.098047E-1	1.132812E-2
6.234374E-2	8.593749E-3
1.546874E-2	5.468749E-3
-2.671877E-2	1.953125E-3
-6.421878E-2	-2.734375E-3
-1.116797E-1	-8.984374E-3
-1.655860E-1	-1.484375E-2
-2.194922E-1	-2.070312E-2
-2.745704E-1	-2.578125E-2
-3.243751E-1	-3.007812E-2
-3.700782E-1	-3.359375E-2
-4.146095E-1	-3.671875E-2
-4.603126E-1	-3.945312E-2
-5.036720E-1	-4.179687E-2
-5.429298E-1	-4.375000E-2
-5.816017E-1	-4.570312E-2
-6.179298E-1	-4.765625E-2
-6.542579E-1	-4.960937E-2
-6.864845E-1	-5.156249E-2
-7.169533E-1	-5.312499E-2
-7.439064E-1	-5.468749E-2
-7.644142E-1	-5.546874E-2
-7.796486E-1	-5.624999E-2
-7.937111E-1	-5.664062E-2
-8.042580E-1	-5.742187E-2
-8.118752E-1	-5.742187E-2
-8.177345E-1	-5.781249E-2
-8.230080E-1	-5.781249E-2
-8.265236E-1	-5.781249E-2
-8.288673E-1	-5.781249E-2
-8.288673E-1	-5.781249E-2
-8.235939E-1	-5.742187E-2
-8.118752E-1	-5.664062E-2
-7.942970E-1	-5.585937E-2
-7.726173E-1	-5.468749E-2
-7.485939E-1	-5.312499E-2
-7.216408E-1	-5.156249E-2
-6.923439E-1	-4.999999E-2
-6.624611E-1	-4.804687E-2
-6.284767E-1	-4.609375E-2
-5.909767E-1	-4.414062E-2
-5.511329E-1	-4.218750E-2
-5.112892E-1	-4.023437E-2
-4.696876E-1	-3.789062E-2
-4.239845E-1	-3.554687E-2
-3.741798E-1	-3.281250E-2
-3.214454E-1	-3.007812E-2
-2.681251E-1	-2.695312E-2
-2.148047E-1	-2.421875E-2
-1.632422E-1	-2.109375E-2
-1.140235E-1	-1.835937E-2
-6.539065E-2	-1.523437E-2
-1.792971E-2	-1.210937E-2
2.367186E-2	-8.593749E-3
5.999999E-2	-3.515625E-3
1.062891E-1	2.734375E-3
1.607813E-1	9.374999E-3
2.158594E-1	1.484375E-2
2.685938E-1	1.953125E-2
3.183985E-1	2.382812E-2
3.629297E-1	2.734375E-2
4.086329E-1	3.007812E-2
4.555079E-1	3.281250E-2
4.988673E-1	3.515625E-2
5.381251E-1	3.750000E-2
5.744532E-1	3.945312E-2
6.107813E-1	4.101562E-2
6.471095E-1	4.335937E-2
6.816798E-1	4.492187E-2
7.133204E-1	4.648437E-2
7.414454E-1	4.765625E-2
7.619532E-1	4.843750E-2
7.783595E-1	4.921874E-2
7.918361E-1	4.999999E-2
8.017970E-1	5.039062E-2
8.100001E-1	5.039062E-2
8.158595E-1	5.078124E-2
8.205470E-1	5.078124E-2
8.234767E-1	5.078124E-2
8.258204E-1	5.078124E-2
8.246486E-1	5.078124E-2
8.193751E-1	5.039062E-2
8.076564E-1	4.960937E-2
7.906642E-1	4.882812E-2
7.695704E-1	4.765625E-2
7.443751E-1	4.648437E-2
7.162501E-1	4.492187E-2
6.881251E-1	4.335937E-2
6.558985E-1	4.140625E-2
6.219142E-1	3.945312E-2
5.850001E-1	3.750000E-2
5.469141E-1	3.554687E-2
5.070704E-1	3.320312E-2
4.654688E-1	3.125000E-2
4.191797E-1	2.890625E-2
3.676172E-1	2.578125E-2
3.131250E-1	2.304687E-2
2.603907E-1	1.992187E-2
2.088281E-1	1.679687E-2
1.566797E-1	1.406250E-2
1.068750E-1	1.132812E-2
5.999999E-2	8.203124E-3
1.312499E-2	5.078124E-3
-2.847658E-2	1.562500E-3
-6.714847E-2	-3.125000E-3
-1.151953E-1	-9.374999E-3
-1.691016E-1	-1.523437E-2
-2.235938E-1	-2.109375E-2
-2.775001E-1	-2.617187E-2
-3.273048E-1	-3.046875E-2
-3.730079E-1	-3.398437E-2
-4.175392E-1	-3.710937E-2
-4.644142E-1	-3.945312E-2
-5.071876E-1	-4.179687E-2
-5.446876E-1	-4.414062E-2
-5.833595E-1	-4.609375E-2
-6.208595E-1	-4.804687E-2
-6.566017E-1	-4.999999E-2
-6.888283E-1	-5.156249E-2
-7.192970E-1	-5.312499E-2
-7.450783E-1	-5.468749E-2
-7.655861E-1	-5.585937E-2
-7.814064E-1	-5.664062E-2
-7.942970E-1	-5.703124E-2
-8.054298E-1	-5.742187E-2
-8.124611E-1	-5.781249E-2
-8.189064E-1	-5.781249E-2
-8.230080E-1	-5.820312E-2
-8.265236E-1	-5.820312E-2
-8.288673E-1	-5.781249E-2
-8.288673E-1	-5.781249E-2
-8.230080E-1	-5.742187E-2
-8.101173E-1	-5.664062E-2
-7.937111E-1	-5.585937E-2
-7.720314E-1	-5.468749E-2
-7.468361E-1	-5.312499E-2
-7.198830E-1	-5.156249E-2
-6.911720E-1	-4.999999E-2
-6.607033E-1	-4.804687E-2
-6.255470E-1	-4.609375E-2
-5.880470E-1	-4.414062E-2
-5.487892E-1	-4.218750E-2
-5.083595E-1	-3.984375E-2
-4.661720E-1	-3.789062E-2
-4.198829E-1	-3.554687E-2
-3.700782E-1	-3.281250E-2
-3.167579E-1	-2.968750E-2
-2.634376E-1	-2.695312E-2
-2.101172E-1	-2.382812E-2
-1.585547E-1	-2.109375E-2
-1.087500E-1	-1.796875E-2
-6.070315E-2	-1.484375E-2
-1.324221E-2	-1.171875E-2
2.601561E-2	-8.203124E-3
6.351562E-2	-3.125000E-3
1.098047E-1	3.515625E-3
1.648828E-1	9.765624E-3
2.193750E-1	1.484375E-2
2.715235E-1	1.992187E-2
3.201563E-1	2.382812E-2
3.664454E-1	2.734375E-2
4.115626E-1	3.046875E-2
4.566797E-1	3.281250E-2
5.012110E-1	3.515625E-2
5.404688E-1	3.750000E-2
5.773829E-1	3.945312E-2
6.148829E-1	4.140625E-2
6.506251E-1	4.335937E-2
6.846095E-1	4.492187E-2
7.150782E-1	4.648437E-2
7.420314E-1	4.765625E-2
7.625392E-1	4.882812E-2
7.789454E-1	4.921874E-2
7.918361E-1	4.999999E-2
8.017970E-1	5.039062E-2
8.100001E-1	5.039062E-2
8.152736E-1	5.078124E-2
8.199611E-1	5.078124E-2
8.234767E-1	5.078124E-2
8.252345E-1	5.078124E-2
8.240626E-1	5.078124E-2
8.182032E-1	5.039062E-2
8.053126E-1	4.960937E-2
7.883204E-1	4.882812E-2
7.660548E-1	4.765625E-2
7.408595E-1	4.609375E-2
7.133204E-1	4.492187E-2
6.840235E-1	4.296875E-2
6.523829E-1	4.140625E-2
6.183985E-1	3.945312E-2
5.814845E-1	3.750000E-2
5.433985E-1	3.554687E-2
5.041407E-1	3.320312E-2
4.625391E-1	3.125000E-2
4.162501E-1	2.851562E-2
3.641016E-1	2.578125E-2
3.101953E-1	2.265625E-2
2.568750E-1	1.992187E-2
2.047266E-1	1.679687E-2
1.525781E-1	1.367187E-2
1.033594E-1	1.093750E-2
5.707031E-2	8.203124E-3
9.609360E-3	5.078124E-3
-3.199221E-2	1.171875E-3
-7.066409E-2	-3.515625E-3
-1.181250E-1	-9.765624E-3
-1.732032E-1	-1.562500E-2
-2.276954E-1	-2.148437E-2
-2.810157E-1	-2.656250E-2
-3.302344E-1	-3.085937E-2
-3.765235E-1	-3.398437E-2
-4.198829E-1	-3.710937E-2
-4.661720E-1	-3.945312E-2
-5.083595E-1	-4.179687E-2
-5.476173E-1	-4.414062E-2
-5.857032E-1	-4.609375E-2
-6.226173E-1	-4.804687E-2
-6.583595E-1	-4.999999E-2
-6.900001E-1	-5.156249E-2
-7.204689E-1	-5.312499E-2
-7.462501E-1	-5.468749E-2
-7.655861E-1	-5.546874E-2
-7.808205E-1	-5.624999E-2
-7.942970E-1	-5.664062E-2
-8.048439E-1	-5.742187E-2
-8.118752E-1	-5.742187E-2
-8.183205E-1	-5.781249E-2
-8.224220E-1	-5.781249E-2
-8.265236E-1	-5.781249E-2
-8.276955E-1	-5.781249E-2
-8.271095E-1	-5.781249E-2
-8.200783E-1	-5.742187E-2
-8.083595E-1	-5.664062E-2
-7.913673E-1	-5.546874E-2
-7.691017E-1	-5.429687E-2
-7.444923E-1	-5.312499E-2
-7.181251E-1	-5.156249E-2
-6.888283E-1	-4.960937E-2
-6.583595E-1	-4.804687E-2
-6.232032E-1	-4.609375E-2
-5.862892E-1	-4.414062E-2
-5.464454E-1	-4.179687E-2
-5.060157E-1	-3.984375E-2
-4.638282E-1	-3.789062E-2
-4.169532E-1	-3.515625E-2
-3.677345E-1	-3.242187E-2
-3.144141E-1	-2.968750E-2
-2.610938E-1	-2.656250E-2
-2.077735E-1	-2.382812E-2
-1.562110E-1	-2.070312E-2
-1.064063E-1	-1.757812E-2
-5.835940E-2	-1.445312E-2
-1.148439E-2	-1.171875E-2
2.777343E-2	-7.812499E-3
6.527343E-2	-2.734375E-3
1.127344E-1	3.515625E-3
1.672266E-1	1.015625E-2
2.228906E-1	1.523437E-2
2.750391E-1	2.031250E-2
3.236719E-1	2.421875E-2
3.693750E-1	2.773437E-2
4.150782E-1	3.046875E-2
4.619532E-1	3.320312E-2
5.041407E-1	3.554687E-2
5.428126E-1	3.750000E-2
5.803126E-1	3.945312E-2
6.178126E-1	4.140625E-2
6.529688E-1	4.335937E-2
6.863673E-1	4.492187E-2
7.174220E-1	4.648437E-2
7.437892E-1	4.765625E-2
7.637111E-1	4.882812E-2
7.789454E-1	4.921874E-2
7.924220E-1	4.999999E-2
8.017970E-1	5.039062E-2
8.100001E-1	5.039062E-2
8.158595E-1	5.039062E-2
8.199611E-1	5.078124E-2
8.234767E-1	5.078124E-2
8.252345E-1	5.078124E-2
8.240626E-1	5.039062E-2
8.170314E-1	4.999999E-2
8.053126E-1	4.960937E-2
7.877345E-1	4.843750E-2
7.648829E-1	4.726562E-2
7.396876E-1	4.609375E-2
7.121485E-1	4.453125E-2
6.822657E-1	4.296875E-2
6.506251E-1	4.101562E-2
6.166407E-1	3.906250E-2
5.791407E-1	3.710937E-2
5.416407E-1	3.515625E-2
5.017969E-1	3.281250E-2
4.601954E-1	3.085937E-2
4.127344E-1	2.812500E-2
3.605860E-1	2.539062E-2
3.055078E-1	2.265625E-2
2.539453E-1	1.953125E-2
2.017969E-1	1.679687E-2
1.502344E-1	1.367187E-2
1.004297E-1	1.093750E-2
5.355468E-2	7.812499E-3
5.507797E-3	4.687500E-3
-3.433596E-2	7.812499E-4
-7.359378E-2	-4.296875E-3
-1.228125E-1	-1.015625E-2
-1.773047E-1	-1.640625E-2
-2.317969E-1	-2.187500E-2
-2.851173E-1	-2.695312E-2
-3.343360E-1	-3.125000E-2
-3.788673E-1	-3.437500E-2
-4.233985E-1	-3.750000E-2
-4.702735E-1	-3.984375E-2
-5.112892E-1	-4.218750E-2
-5.499610E-1	-4.453125E-2
-5.880470E-1	-4.609375E-2
-6.255470E-1	-4.843750E-2
-6.607033E-1	-5.039062E-2
-6.929298E-1	-5.195312E-2
-7.228126E-1	-5.351562E-2
-7.480080E-1	-5.468749E-2
-7.673439E-1	-5.585937E-2
-7.831642E-1	-5.664062E-2
-7.960548E-1	-5.703124E-2
-8.066017E-1	-5.742187E-2
-8.136330E-1	-5.781249E-2
-8.189064E-1	-5.781249E-2
-8.235939E-1	-5.781249E-2
-8.271095E-1	-5.781249E-2
-8.294533E-1	-5.781249E-2
-8.276955E-1	-5.781249E-2
-8.212502E-1	-5.742187E-2
-8.089455E-1	-5.664062E-2
-7.907814E-1	-5.546874E-2
-7.685158E-1	-5.429687E-2
-7.427345E-1	-5.273437E-2
-7.151955E-1	-5.117187E-2
-6.864845E-1	-4.960937E-2
-6.560158E-1	-4.765625E-2
-6.202736E-1	-4.570312E-2
-5.827736E-1	-4.375000E-2
-5.429298E-1	-4.179687E-2
-5.030860E-1	-3.945312E-2
-4.608985E-1	-3.750000E-2
-4.140235E-1	-3.515625E-2
-3.630470E-1	-3.242187E-2
-3.097266E-1	-2.968750E-2
-2.575782E-1	-2.656250E-2
-2.042579E-1	-2.343750E-2
-1.521094E-1	-2.070312E-2
-1.028907E-1	-1.757812E-2
-5.484378E-2	-1.445312E-2
-8.554706E-3	-1.132812E-2
3.070311E-2	-7.421874E-3
6.937500E-2	-2.343750E-3
1.174219E-1	4.296875E-3
1.719141E-1	1.015625E-2
2.264063E-1	1.562500E-2
2.791407E-1	2.070312E-2
3.271875E-1	2.460937E-2
3.734766E-1	2.773437E-2
4.185938E-1	3.085937E-2
4.654688E-1	3.320312E-2
5.076563E-1	3.554687E-2
5.463282E-1	3.789062E-2
5.832423E-1	3.984375E-2
6.201563E-1	4.179687E-2
6.558985E-1	4.375000E-2
6.892970E-1	4.531250E-2
7.197657E-1	4.687500E-2
7.461329E-1	4.804687E-2
7.660548E-1	4.882812E-2
7.818751E-1	4.921874E-2
7.941798E-1	4.999999E-2
8.035548E-1	5.039062E-2
8.111720E-1	5.039062E-2
8.170314E-1	5.078124E-2
8.211329E-1	5.078124E-2
8.240626E-1	5.078124E-2
8.252345E-1	5.078124E-2
8.240626E-1	5.039062E-2
8.170314E-1	4.999999E-2
8.041407E-1	4.921874E-2
7.859767E-1	4.843750E-2
7.631251E-1	4.726562E-2
7.379298E-1	4.609375E-2
7.098048E-1	4.453125E-2
6.805079E-1	4.257812E-2
6.476954E-1	4.101562E-2
6.131251E-1	3.906250E-2
5.762110E-1	3.710937E-2
5.381251E-1	3.476562E-2
4.982813E-1	3.281250E-2
4.566797E-1	3.046875E-2
4.098047E-1	2.812500E-2
3.564844E-1	2.500000E-2
3.031641E-1	2.226562E-2
2.510157E-1	1.914062E-2
1.982813E-1	1.640625E-2
1.467188E-1	1.328125E-2
9.691406E-2	1.054687E-2
5.003905E-2	7.812499E-3
3.749984E-3	4.687500E-3
-3.667971E-2	7.812499E-4
-7.593753E-2	-4.296875E-3
-1.257422E-1	-1.054687E-2
-1.796485E-1	-1.640625E-2
-2.347266E-1	-2.226562E-2
-2.874610E-1	-2.695312E-2
-3.366798E-1	-3.125000E-2
-3.817970E-1	-3.437500E-2
-4.263282E-1	-3.750000E-2
-4.720313E-1	-3.984375E-2
-5.136329E-1	-4.218750E-2
-5.523048E-1	-4.453125E-2
-5.898048E-1	-4.648437E-2
-6.261329E-1	-4.843750E-2
-6.618751E-1	-5.039062E-2
-6.935158E-1	-5.195312E-2
-7.233986E-1	-5.351562E-2
-7.485939E-1	-5.507812E-2
-7.679298E-1	-5.585937E-2
-7.831642E-1	-5.664062E-2
-7.960548E-1	-5.703124E-2
-8.054298E-1	-5.742187E-2
-8.130470E-1	-5.781249E-2
-8.189064E-1	-5.781249E-2
-8.241798E-1	-5.781249E-2
-8.265236E-1	-5.820312E-2
-8.288673E-1	-5.781249E-2
-8.265236E-1	-5.781249E-2
-8.194923E-1	-5.742187E-2
-8.071877E-1	-5.664062E-2
-7.884377E-1	-5.546874E-2
-7.655861E-1	-5.429687E-2
-7.403908E-1	-5.273437E-2
-7.134376E-1	-5.117187E-2
-6.847267E-1	-4.960937E-2
-6.536720E-1	-4.765625E-2
-6.191017E-1	-4.570312E-2
-5.810157E-1	-4.375000E-2
-5.411720E-1	-4.179687E-2
-5.001564E-1	-3.945312E-2
-4.585548E-1	-3.750000E-2
-4.110938E-1	-3.515625E-2
-3.595313E-1	-3.242187E-2
-3.067969E-1	-2.929687E-2
-2.540626E-1	-2.617187E-2
-2.007422E-1	-2.343750E-2
-1.497657E-1	-2.070312E-2
-9.996097E-2	-1.757812E-2
-5.191409E-2	-1.445312E-2
-5.625018E-3	-1.132812E-2
3.304686E-2	-7.421874E-3
7.113281E-2	-1.953125E-3
