X (Volt)	Y (Volt)
8.405469E-2	-3.125000E-3
1.395625E-1	5.859374E-3
2.030000E-1	1.484375E-2
2.658711E-1	2.343750E-2
3.270430E-1	3.046875E-2
3.831172E-1	3.671875E-2
4.346602E-1	4.179687E-2
4.879023E-1	4.648437E-2
5.405781E-1	5.039062E-2
5.887226E-1	5.351562E-2
6.329023E-1	5.664062E-2
6.759492E-1	5.898437E-2
7.189961E-1	6.132812E-2
7.586445E-1	6.406249E-2
7.965937E-1	6.601562E-2
8.294453E-1	6.757812E-2
8.571992E-1	6.914062E-2
8.781562E-1	6.992187E-2
8.951484E-1	7.070312E-2
9.093086E-1	7.109374E-2
9.195039E-1	7.148437E-2
9.280000E-1	7.148437E-2
9.336640E-1	7.187499E-2
9.387617E-1	7.187499E-2
9.421601E-1	7.187499E-2
9.444258E-1	7.187499E-2
9.415937E-1	7.148437E-2
9.325312E-1	7.109374E-2
9.178047E-1	7.031249E-2
8.974140E-1	6.914062E-2
8.719258E-1	6.796874E-2
8.419062E-1	6.601562E-2
8.096211E-1	6.445312E-2
7.756367E-1	6.210937E-2
7.359883E-1	5.976562E-2
6.940742E-1	5.742187E-2
6.498945E-1	5.468749E-2
6.040156E-1	5.195312E-2
5.558711E-1	4.921874E-2
5.048945E-1	4.648437E-2
4.471211E-1	4.335937E-2
3.859492E-1	3.945312E-2
3.236445E-1	3.554687E-2
2.641719E-1	3.164062E-2
2.063984E-1	2.773437E-2
1.474922E-1	2.382812E-2
9.198438E-2	1.953125E-2
4.044141E-2	1.523437E-2
-1.053515E-2	1.054687E-2
-5.018359E-2	4.296875E-3
-9.266406E-2	-3.515625E-3
-1.487383E-1	-1.210937E-2
-2.116094E-1	-2.148437E-2
-2.756133E-1	-2.968750E-2
-3.367851E-1	-3.671875E-2
-3.917266E-1	-4.257812E-2
-4.438359E-1	-4.804687E-2
-4.970781E-1	-5.273437E-2
-5.497539E-1	-5.703124E-2
-5.978984E-1	-6.054687E-2
-6.420781E-1	-6.367187E-2
-6.828594E-1	-6.640624E-2
-7.242070E-1	-6.874999E-2
-7.644219E-1	-7.109374E-2
-8.023711E-1	-7.343749E-2
-8.357890E-1	-7.499999E-2
-8.612773E-1	-7.656249E-2
-8.811015E-1	-7.773437E-2
-8.969609E-1	-7.851562E-2
-9.094219E-1	-7.929687E-2
-9.196172E-1	-7.968749E-2
-9.286797E-1	-7.968749E-2
-9.349101E-1	-8.007812E-2
-9.394414E-1	-8.007812E-2
-9.422734E-1	-8.007812E-2
-9.439726E-1	-8.007812E-2
-9.417070E-1	-7.968749E-2
-9.332109E-1	-7.890624E-2
-9.179180E-1	-7.812499E-2
-8.980937E-1	-7.695312E-2
-8.726055E-1	-7.539062E-2
-8.437187E-1	-7.343749E-2
-8.120000E-1	-7.148437E-2
-7.768828E-1	-6.953124E-2
-7.366680E-1	-6.718749E-2
-6.947539E-1	-6.445312E-2
-6.517070E-1	-6.210937E-2
-6.052617E-1	-5.898437E-2
-5.571172E-1	-5.624999E-2
-5.050078E-1	-5.312499E-2
-4.483672E-1	-4.960937E-2
-3.877617E-1	-4.570312E-2
-3.271562E-1	-4.179687E-2
-2.671172E-1	-3.828125E-2
-2.087773E-1	-3.437500E-2
-1.510039E-1	-3.046875E-2
-9.492968E-2	-2.617187E-2
-4.225390E-2	-2.187500E-2
7.589845E-3	-1.679687E-2
4.610547E-2	-1.054687E-2
8.801953E-2	-2.343750E-3
1.446602E-1	6.640624E-3
2.080977E-1	1.562500E-2
2.704023E-1	2.382812E-2
3.327070E-1	3.125000E-2
3.870820E-1	3.710937E-2
4.391914E-1	4.218750E-2
4.924336E-1	4.648437E-2
5.445430E-1	5.039062E-2
5.932539E-1	5.390624E-2
6.363008E-1	5.664062E-2
6.799141E-1	5.898437E-2
7.229609E-1	6.171874E-2
7.626094E-1	6.406249E-2
7.988594E-1	6.601562E-2
8.317109E-1	6.796874E-2
8.583320E-1	6.914062E-2
8.792890E-1	6.992187E-2
8.962812E-1	7.070312E-2
9.093086E-1	7.109374E-2
9.195039E-1	7.148437E-2
9.274336E-1	7.187499E-2
9.342305E-1	7.187499E-2
9.387617E-1	7.187499E-2
9.415937E-1	7.187499E-2
9.432930E-1	7.187499E-2
9.387617E-1	7.148437E-2
9.285664E-1	7.109374E-2
9.127070E-1	7.031249E-2
8.911836E-1	6.874999E-2
8.645625E-1	6.757812E-2
8.345430E-1	6.601562E-2
8.033906E-1	6.406249E-2
7.694062E-1	6.171874E-2
7.314570E-1	5.937499E-2
6.889766E-1	5.703124E-2
6.453633E-1	5.468749E-2
5.989180E-1	5.195312E-2
5.507734E-1	4.921874E-2
4.997969E-1	4.648437E-2
4.425898E-1	4.296875E-2
3.819844E-1	3.906250E-2
3.196797E-1	3.515625E-2
2.590742E-1	3.125000E-2
2.013008E-1	2.734375E-2
1.429609E-1	2.343750E-2
8.745313E-2	1.914062E-2
3.591016E-2	1.484375E-2
-1.393359E-2	1.015625E-2
-5.358203E-2	3.906250E-3
-9.719531E-2	-3.906250E-3
-1.532695E-1	-1.289062E-2
-2.167070E-1	-2.187500E-2
-2.801445E-1	-3.007812E-2
-3.401836E-1	-3.710937E-2
-3.945586E-1	-4.296875E-2
-4.478008E-1	-4.804687E-2
-5.004766E-1	-5.312499E-2
-5.537187E-1	-5.703124E-2
-6.007305E-1	-6.054687E-2
-6.437773E-1	-6.367187E-2
-6.834258E-1	-6.640624E-2
-7.253398E-1	-6.874999E-2
-7.649883E-1	-7.109374E-2
-8.029375E-1	-7.304687E-2
-8.352226E-1	-7.499999E-2
-8.612773E-1	-7.656249E-2
-8.816680E-1	-7.773437E-2
-8.975273E-1	-7.851562E-2
-9.099883E-1	-7.890624E-2
-9.207500E-1	-7.929687E-2
-9.286797E-1	-7.968749E-2
-9.343437E-1	-7.968749E-2
-9.383086E-1	-8.007812E-2
-9.411406E-1	-8.007812E-2
-9.422734E-1	-7.968749E-2
-9.400078E-1	-7.929687E-2
-9.303789E-1	-7.890624E-2
-9.145195E-1	-7.773437E-2
-8.941289E-1	-7.656249E-2
-8.658086E-1	-7.499999E-2
-8.357890E-1	-7.304687E-2
-8.040703E-1	-7.109374E-2
-7.689531E-1	-6.874999E-2
-7.304375E-1	-6.640624E-2
-6.890898E-1	-6.406249E-2
-6.460430E-1	-6.171874E-2
-6.001641E-1	-5.859374E-2
-5.520195E-1	-5.585937E-2
-4.993437E-1	-5.273437E-2
-4.421367E-1	-4.921874E-2
-3.826641E-1	-4.531250E-2
-3.231914E-1	-4.140625E-2
-2.637187E-1	-3.789062E-2
-2.036797E-1	-3.398437E-2
-1.470391E-1	-3.007812E-2
-9.153125E-2	-2.578125E-2
-3.828906E-2	-2.148437E-2
9.855470E-3	-1.601562E-2
4.780469E-2	-1.015625E-2
8.915234E-2	-1.953125E-3
1.463594E-1	7.421874E-3
2.097969E-1	1.601562E-2
2.732344E-1	2.421875E-2
3.349727E-1	3.164062E-2
3.899141E-1	3.710937E-2
4.420234E-1	4.257812E-2
4.952656E-1	4.687500E-2
5.462422E-1	5.078124E-2
5.932539E-1	5.390624E-2
6.363008E-1	5.664062E-2
6.799141E-1	5.898437E-2
7.218281E-1	6.171874E-2
7.620430E-1	6.406249E-2
7.982930E-1	6.601562E-2
8.311445E-1	6.757812E-2
8.583320E-1	6.874999E-2
8.787226E-1	6.992187E-2
8.951484E-1	7.070312E-2
9.081758E-1	7.109374E-2
9.178047E-1	7.148437E-2
9.257344E-1	7.148437E-2
9.325312E-1	7.187499E-2
9.364961E-1	7.187499E-2
9.398945E-1	7.187499E-2
9.404609E-1	7.148437E-2
9.364961E-1	7.148437E-2
9.263008E-1	7.070312E-2
9.115742E-1	6.992187E-2
8.906172E-1	6.874999E-2
8.639961E-1	6.757812E-2
8.328437E-1	6.562499E-2
8.016914E-1	6.367187E-2
7.671406E-1	6.171874E-2
7.280586E-1	5.937499E-2
6.861445E-1	5.703124E-2
6.413984E-1	5.429687E-2
5.949531E-1	5.156249E-2
5.479414E-1	4.882812E-2
4.975312E-1	4.609375E-2
4.397578E-1	4.257812E-2
3.774531E-1	3.867187E-2
3.157148E-1	3.515625E-2
2.568086E-1	3.125000E-2
1.984687E-1	2.734375E-2
1.406953E-1	2.343750E-2
8.518750E-2	1.914062E-2
3.421094E-2	1.445312E-2
-1.506640E-2	9.765624E-3
-5.471484E-2	3.515625E-3
-9.832812E-2	-4.296875E-3
-1.561016E-1	-1.328125E-2
-2.195391E-1	-2.226562E-2
-2.829766E-1	-3.046875E-2
-3.441484E-1	-3.750000E-2
-3.973906E-1	-4.335937E-2
-4.500664E-1	-4.843750E-2
-5.027422E-1	-5.351562E-2
-5.554180E-1	-5.742187E-2
-6.024297E-1	-6.093749E-2
-6.454765E-1	-6.367187E-2
-6.862578E-1	-6.640624E-2
-7.276055E-1	-6.874999E-2
-7.672539E-1	-7.109374E-2
-8.040703E-1	-7.343749E-2
-8.363555E-1	-7.499999E-2
-8.612773E-1	-7.656249E-2
-8.816680E-1	-7.773437E-2
-8.969609E-1	-7.851562E-2
-9.088555E-1	-7.890624E-2
-9.190508E-1	-7.929687E-2
-9.269805E-1	-7.968749E-2
-9.332109E-1	-8.007812E-2
-9.371758E-1	-8.007812E-2
-9.400078E-1	-8.007812E-2
-9.411406E-1	-7.968749E-2
-9.383086E-1	-7.929687E-2
-9.281133E-1	-7.890624E-2
-9.128203E-1	-7.773437E-2
-8.929961E-1	-7.656249E-2
-8.663750E-1	-7.499999E-2
-8.369219E-1	-7.304687E-2
-8.052031E-1	-7.109374E-2
-7.689531E-1	-6.874999E-2
-7.293047E-1	-6.640624E-2
-6.873906E-1	-6.406249E-2
-6.443437E-1	-6.132812E-2
-5.978984E-1	-5.859374E-2
-5.491875E-1	-5.585937E-2
-4.959453E-1	-5.273437E-2
-4.393047E-1	-4.921874E-2
-3.792656E-1	-4.531250E-2
-3.192266E-1	-4.140625E-2
-2.591875E-1	-3.789062E-2
-2.002812E-1	-3.398437E-2
-1.430742E-1	-3.007812E-2
-8.869922E-2	-2.539062E-2
-3.545703E-2	-2.109375E-2
1.155469E-2	-1.601562E-2
5.063672E-2	-9.765624E-3
9.198438E-2	-1.562500E-3
1.503242E-1	7.812499E-3
2.137617E-1	1.640625E-2
2.755000E-1	2.460937E-2
3.366719E-1	3.164062E-2
3.916133E-1	3.750000E-2
4.437227E-1	4.257812E-2
4.963984E-1	4.687500E-2
5.473750E-1	5.078124E-2
5.955195E-1	5.390624E-2
6.396992E-1	5.664062E-2
6.821797E-1	5.937499E-2
7.246601E-1	6.171874E-2
7.643086E-1	6.406249E-2
8.005586E-1	6.640624E-2
8.317109E-1	6.796874E-2
8.588984E-1	6.914062E-2
8.787226E-1	6.992187E-2
8.951484E-1	7.070312E-2
9.076094E-1	7.109374E-2
9.183711E-1	7.148437E-2
9.263008E-1	7.187499E-2
9.325312E-1	7.187499E-2
9.370625E-1	7.187499E-2
9.398945E-1	7.187499E-2
9.410273E-1	7.187499E-2
9.370625E-1	7.148437E-2
9.263008E-1	7.070312E-2
9.104414E-1	6.992187E-2
8.889180E-1	6.874999E-2
8.611640E-1	6.757812E-2
8.311445E-1	6.562499E-2
7.999922E-1	6.406249E-2
7.654414E-1	6.171874E-2
7.263594E-1	5.937499E-2
6.838789E-1	5.703124E-2
6.391328E-1	5.429687E-2
5.932539E-1	5.156249E-2
5.445430E-1	4.882812E-2
4.935664E-1	4.609375E-2
4.357930E-1	4.257812E-2
3.746211E-1	3.867187E-2
3.128828E-1	3.476562E-2
2.534102E-1	3.085937E-2
1.950703E-1	2.695312E-2
1.372969E-1	2.304687E-2
8.292188E-2	1.875000E-2
3.194531E-2	1.445312E-2
-1.733203E-2	9.765624E-3
-5.641406E-2	3.515625E-3
-1.005937E-1	-4.687500E-3
-1.589336E-1	-1.367187E-2
-2.223711E-1	-2.265625E-2
-2.846758E-1	-3.085937E-2
-3.447148E-1	-3.789062E-2
-3.985234E-1	-4.335937E-2
-4.511992E-1	-4.843750E-2
-5.044414E-1	-5.351562E-2
-5.565508E-1	-5.742187E-2
-6.035625E-1	-6.093749E-2
-6.466094E-1	-6.367187E-2
-6.873906E-1	-6.640624E-2
-7.287383E-1	-6.914062E-2
-7.683867E-1	-7.148437E-2
-8.052031E-1	-7.343749E-2
-8.369219E-1	-7.499999E-2
-8.624101E-1	-7.656249E-2
-8.816680E-1	-7.773437E-2
-8.969609E-1	-7.851562E-2
-9.094219E-1	-7.890624E-2
-9.196172E-1	-7.929687E-2
-9.275469E-1	-7.968749E-2
-9.332109E-1	-7.968749E-2
-9.371758E-1	-8.007812E-2
-9.400078E-1	-7.968749E-2
-9.405742E-1	-7.968749E-2
-9.371758E-1	-7.929687E-2
-9.275469E-1	-7.890624E-2
-9.111211E-1	-7.773437E-2
-8.895976E-1	-7.617187E-2
-8.635430E-1	-7.460937E-2
-8.346562E-1	-7.304687E-2
-8.023711E-1	-7.109374E-2
-7.672539E-1	-6.874999E-2
-7.270390E-1	-6.640624E-2
-6.851250E-1	-6.406249E-2
-6.426445E-1	-6.132812E-2
-5.961992E-1	-5.859374E-2
-5.469219E-1	-5.546874E-2
-4.942461E-1	-5.234374E-2
-4.364726E-1	-4.882812E-2
-3.758672E-1	-4.492187E-2
-3.152617E-1	-4.101562E-2
-2.563555E-1	-3.750000E-2
-1.974492E-1	-3.359375E-2
-1.408086E-1	-2.968750E-2
-8.586718E-2	-2.539062E-2
-3.262500E-2	-2.070312E-2
1.382031E-2	-1.562500E-2
5.233594E-2	-9.374999E-3
9.481641E-2	-1.171875E-3
1.531562E-1	8.203124E-3
2.171602E-1	1.679687E-2
2.788984E-1	2.500000E-2
3.400703E-1	3.203125E-2
3.950117E-1	3.789062E-2
4.465547E-1	4.296875E-2
4.997969E-1	4.726562E-2
5.502070E-1	5.078124E-2
5.977851E-1	5.429687E-2
6.413984E-1	5.703124E-2
6.838789E-1	5.937499E-2
7.257930E-1	6.210937E-2
7.654414E-1	6.445312E-2
8.011250E-1	6.640624E-2
8.334101E-1	6.796874E-2
8.588984E-1	6.914062E-2
8.787226E-1	6.992187E-2
8.940156E-1	7.070312E-2
9.076094E-1	7.109374E-2
9.178047E-1	7.148437E-2
9.246015E-1	7.187499E-2
9.302656E-1	7.187499E-2
9.353633E-1	7.187499E-2
9.387617E-1	7.187499E-2
9.398945E-1	7.148437E-2
9.353633E-1	7.148437E-2
9.246015E-1	7.070312E-2
9.093086E-1	6.992187E-2
8.877851E-1	6.874999E-2
8.605976E-1	6.718749E-2
8.294453E-1	6.562499E-2
7.977266E-1	6.367187E-2
7.626094E-1	6.132812E-2
7.235273E-1	5.898437E-2
6.816133E-1	5.664062E-2
6.363008E-1	5.390624E-2
5.904219E-1	5.117187E-2
5.422773E-1	4.882812E-2
4.907344E-1	4.570312E-2
4.318281E-1	4.218750E-2
3.700898E-1	3.828125E-2
3.089180E-1	3.476562E-2
2.494453E-1	3.085937E-2
1.916719E-1	2.695312E-2
1.338984E-1	2.265625E-2
7.952344E-2	1.835937E-2
2.798047E-2	1.406250E-2
-2.016406E-2	9.374999E-3
-5.981250E-2	2.734375E-3
-1.051250E-1	-5.468749E-3
-1.634648E-1	-1.445312E-2
-2.269023E-1	-2.343750E-2
-2.897734E-1	-3.164062E-2
-3.503789E-1	-3.828125E-2
-4.036211E-1	-4.375000E-2
-4.562969E-1	-4.921874E-2
-5.095391E-1	-5.390624E-2
-5.610820E-1	-5.781249E-2
-6.063945E-1	-6.132812E-2
-6.494414E-1	-6.406249E-2
-6.907890E-1	-6.679687E-2
-7.321367E-1	-6.914062E-2
-7.723515E-1	-7.148437E-2
-8.091680E-1	-7.382812E-2
-8.403203E-1	-7.539062E-2
-8.641094E-1	-7.695312E-2
-8.833672E-1	-7.773437E-2
-8.980937E-1	-7.851562E-2
-9.099883E-1	-7.890624E-2
-9.201836E-1	-7.929687E-2
-9.281133E-1	-7.968749E-2
-9.337773E-1	-7.968749E-2
-9.377422E-1	-7.968749E-2
-9.405742E-1	-7.968749E-2
-9.411406E-1	-7.968749E-2
-9.377422E-1	-7.929687E-2
-9.269805E-1	-7.851562E-2
-9.099883E-1	-7.773437E-2
-8.895976E-1	-7.617187E-2
-8.629765E-1	-7.460937E-2
-8.329570E-1	-7.304687E-2
-8.006719E-1	-7.109374E-2
-7.644219E-1	-6.874999E-2
-7.242070E-1	-6.640624E-2
-6.822930E-1	-6.367187E-2
-6.386797E-1	-6.132812E-2
-5.922344E-1	-5.820312E-2
-5.435234E-1	-5.546874E-2
-4.908476E-1	-5.234374E-2
-4.319414E-1	-4.843750E-2
-3.719023E-1	-4.453125E-2
-3.112969E-1	-4.101562E-2
-2.518242E-1	-3.710937E-2
-1.929180E-1	-3.359375E-2
-1.362773E-1	-2.929687E-2
-8.133593E-2	-2.500000E-2
-2.866015E-2	-2.031250E-2
1.778516E-2	-1.523437E-2
5.573438E-2	-8.593749E-3
9.991406E-2	-3.906250E-4
1.588203E-1	8.984374E-3
2.216914E-1	1.757812E-2
2.845625E-1	2.578125E-2
3.446016E-1	3.242187E-2
3.989766E-1	3.828125E-2
4.516523E-1	4.335937E-2
5.037617E-1	4.765625E-2
5.553047E-1	5.117187E-2
6.023164E-1	5.429687E-2
6.459297E-1	5.703124E-2
6.878437E-1	5.976562E-2
7.303242E-1	6.210937E-2
7.694062E-1	6.445312E-2
8.050898E-1	6.640624E-2
8.368086E-1	6.796874E-2
8.617305E-1	6.914062E-2
8.809883E-1	6.992187E-2
8.974140E-1	7.070312E-2
9.093086E-1	7.109374E-2
9.195039E-1	7.148437E-2
9.263008E-1	7.187499E-2
9.319648E-1	7.187499E-2
9.364961E-1	7.187499E-2
9.398945E-1	7.187499E-2
9.410273E-1	7.187499E-2
9.359297E-1	7.148437E-2
9.257344E-1	7.070312E-2
9.087422E-1	6.992187E-2
8.855195E-1	6.874999E-2
8.577656E-1	6.718749E-2
8.271797E-1	6.562499E-2
7.954609E-1	6.367187E-2
7.597773E-1	6.132812E-2
7.206953E-1	5.898437E-2
6.776484E-1	5.664062E-2
6.323359E-1	5.390624E-2
5.858906E-1	5.117187E-2
5.377461E-1	4.843750E-2
4.856367E-1	4.570312E-2
4.272969E-1	4.218750E-2
3.661250E-1	3.828125E-2
3.043867E-1	3.437500E-2
2.449141E-1	3.046875E-2
1.865742E-1	2.656250E-2
1.299336E-1	2.226562E-2
7.555859E-2	1.835937E-2
2.344922E-2	1.367187E-2
-2.299609E-2	8.984374E-3
-6.264453E-2	2.343750E-3
-1.073906E-1	-5.859374E-3
-1.662969E-1	-1.484375E-2
-2.303008E-1	-2.382812E-2
-2.937383E-1	-3.203125E-2
-3.526445E-1	-3.867187E-2
-4.058867E-1	-4.414062E-2
-4.591289E-1	-4.921874E-2
-5.118047E-1	-5.390624E-2
-5.644805E-1	-5.781249E-2
-6.103594E-1	-6.132812E-2
-6.528398E-1	-6.445312E-2
-6.936211E-1	-6.679687E-2
-7.344023E-1	-6.914062E-2
-7.734844E-1	-7.148437E-2
-8.103008E-1	-7.382812E-2
-8.420195E-1	-7.539062E-2
-8.663750E-1	-7.656249E-2
-8.850664E-1	-7.773437E-2
-8.992265E-1	-7.851562E-2
-9.111211E-1	-7.890624E-2
-9.207500E-1	-7.929687E-2
-9.286797E-1	-7.968749E-2
-9.343437E-1	-8.007812E-2
-9.377422E-1	-8.007812E-2
-9.400078E-1	-8.007812E-2
-9.411406E-1	-7.968749E-2
-9.371758E-1	-7.929687E-2
-9.269805E-1	-7.851562E-2
-9.099883E-1	-7.734374E-2
-8.878984E-1	-7.617187E-2
-8.607109E-1	-7.460937E-2
-8.312578E-1	-7.265624E-2
-7.989726E-1	-7.070312E-2
-7.621562E-1	-6.835937E-2
-7.225078E-1	-6.601562E-2
-6.794609E-1	-6.328124E-2
-6.358476E-1	-6.093749E-2
-5.888359E-1	-5.820312E-2
-5.389922E-1	-5.507812E-2
-4.857500E-1	-5.195312E-2
-4.274101E-1	-4.843750E-2
-3.673711E-1	-4.453125E-2
-3.067656E-1	-4.062500E-2
-2.478594E-1	-3.710937E-2
-1.883867E-1	-3.320312E-2
-1.311797E-1	-2.890625E-2
-7.737109E-2	-2.460937E-2
-2.469531E-2	-2.031250E-2
1.948438E-2	-1.484375E-2
5.743359E-2	-8.203124E-3
1.021797E-1	3.906250E-4
1.627852E-1	9.374999E-3
2.262227E-1	1.835937E-2
2.879609E-1	2.617187E-2
3.480000E-1	3.281250E-2
4.018086E-1	3.867187E-2
4.539180E-1	4.335937E-2
5.071601E-1	4.765625E-2
5.575703E-1	5.156249E-2
6.040156E-1	5.468749E-2
6.470625E-1	5.742187E-2
6.901094E-1	5.976562E-2
7.314570E-1	6.249999E-2
7.705391E-1	6.445312E-2
8.062226E-1	6.640624E-2
8.368086E-1	6.796874E-2
8.622969E-1	6.914062E-2
8.809883E-1	7.031249E-2
8.968476E-1	7.070312E-2
9.098750E-1	7.109374E-2
9.189375E-1	7.148437E-2
9.257344E-1	7.148437E-2
9.313984E-1	7.187499E-2
9.353633E-1	7.187499E-2
9.393281E-1	7.187499E-2
9.387617E-1	7.148437E-2
9.342305E-1	7.148437E-2
9.223359E-1	7.070312E-2
9.059101E-1	6.953124E-2
8.832539E-1	6.874999E-2
8.560664E-1	6.718749E-2
8.254805E-1	6.523437E-2
7.931953E-1	6.328124E-2
7.569453E-1	6.132812E-2
7.172969E-1	5.859374E-2
6.748164E-1	5.624999E-2
6.306367E-1	5.390624E-2
5.841914E-1	5.117187E-2
5.354805E-1	4.843750E-2
4.839375E-1	4.531250E-2
4.244648E-1	4.179687E-2
3.627266E-1	3.789062E-2
3.009883E-1	3.398437E-2
2.420820E-1	3.046875E-2
1.843086E-1	2.617187E-2
1.271016E-1	2.226562E-2
7.329297E-2	1.796875E-2
2.175000E-2	1.367187E-2
-2.526172E-2	8.593749E-3
-6.434375E-2	1.953125E-3
-1.107891E-1	-6.640624E-3
-1.708281E-1	-1.523437E-2
-2.342656E-1	-2.421875E-2
-2.971367E-1	-3.242187E-2
-3.566094E-1	-3.906250E-2
-4.092851E-1	-4.453125E-2
-4.625273E-1	-4.960937E-2
-5.157695E-1	-5.429687E-2
-5.667461E-1	-5.820312E-2
-6.131914E-1	-6.171874E-2
-6.551055E-1	-6.445312E-2
-6.964531E-1	-6.679687E-2
-7.372344E-1	-6.953124E-2
-7.768828E-1	-7.187499E-2
-8.131328E-1	-7.382812E-2
-8.437187E-1	-7.539062E-2
-8.663750E-1	-7.695312E-2
-8.850664E-1	-7.773437E-2
-8.992265E-1	-7.851562E-2
-9.105547E-1	-7.890624E-2
-9.207500E-1	-7.968749E-2
-9.281133E-1	-7.968749E-2
-9.337773E-1	-8.007812E-2
-9.377422E-1	-7.968749E-2
-9.405742E-1	-7.968749E-2
-9.417070E-1	-7.968749E-2
-9.371758E-1	-7.929687E-2
-9.258476E-1	-7.851562E-2
-9.094219E-1	-7.734374E-2
-8.873320E-1	-7.617187E-2
-8.595781E-1	-7.460937E-2
-8.301250E-1	-7.265624E-2
-7.972734E-1	-7.070312E-2
-7.593242E-1	-6.835937E-2
-7.191094E-1	-6.601562E-2
-6.777617E-1	-6.328124E-2
-6.341484E-1	-6.093749E-2
-5.865703E-1	-5.781249E-2
-5.372930E-1	-5.507812E-2
-4.834844E-1	-5.195312E-2
-4.240117E-1	-4.804687E-2
-3.639726E-1	-4.414062E-2
-3.039336E-1	-4.062500E-2
-2.444609E-1	-3.671875E-2
-1.855547E-1	-3.281250E-2
-1.289141E-1	-2.890625E-2
-7.510547E-2	-2.460937E-2
-2.129687E-2	-1.992187E-2
2.288281E-2	-1.406250E-2
6.139844E-2	-7.421874E-3
1.072773E-1	1.171875E-3
1.678828E-1	1.015625E-2
2.318867E-1	1.914062E-2
2.936250E-1	2.695312E-2
3.536641E-1	3.359375E-2
4.069062E-1	3.906250E-2
4.590156E-1	4.375000E-2
5.122578E-1	4.804687E-2
5.626680E-1	5.156249E-2
6.085469E-1	5.507812E-2
6.527266E-1	5.742187E-2
6.957734E-1	6.015624E-2
7.365547E-1	6.249999E-2
7.756367E-1	6.484374E-2
8.107539E-1	6.679687E-2
8.413398E-1	6.835937E-2
8.651289E-1	6.914062E-2
8.843867E-1	7.031249E-2
8.996797E-1	7.070312E-2
9.121406E-1	7.109374E-2
9.212031E-1	7.148437E-2
9.285664E-1	7.187499E-2
9.336640E-1	7.187499E-2
9.381953E-1	7.187499E-2
9.404609E-1	7.187499E-2
9.404609E-1	7.148437E-2
9.353633E-1	7.148437E-2
9.234687E-1	7.070312E-2
9.064765E-1	6.992187E-2
8.826875E-1	6.835937E-2
8.549336E-1	6.718749E-2
8.237812E-1	6.523437E-2
7.914961E-1	6.328124E-2
7.558125E-1	6.093749E-2
7.161641E-1	5.859374E-2
6.725508E-1	5.624999E-2
6.272383E-1	5.351562E-2
5.807930E-1	5.078124E-2
5.320820E-1	4.804687E-2
4.788398E-1	4.492187E-2
4.199336E-1	4.140625E-2
3.581953E-1	3.750000E-2
2.964570E-1	3.398437E-2
2.381172E-1	3.007812E-2
1.797773E-1	2.578125E-2
1.225703E-1	2.187500E-2
6.876172E-2	1.757812E-2
1.721875E-2	1.328125E-2
-2.809375E-2	8.203124E-3
-6.774218E-2	1.171875E-3
-1.141875E-1	-7.031249E-3
-1.747930E-1	-1.601562E-2
-2.382305E-1	-2.500000E-2
-3.011016E-1	-3.281250E-2
-3.605742E-1	-3.945312E-2
-4.138164E-1	-4.492187E-2
-4.664922E-1	-4.999999E-2
-5.191680E-1	-5.468749E-2
-5.707109E-1	-5.859374E-2
-6.171562E-1	-6.171874E-2
-6.590703E-1	-6.445312E-2
-6.992851E-1	-6.718749E-2
-7.395000E-1	-6.953124E-2
-7.791484E-1	-7.187499E-2
-8.148320E-1	-7.382812E-2
-8.448515E-1	-7.578124E-2
-8.680742E-1	-7.695312E-2
-8.856328E-1	-7.812499E-2
-9.014922E-1	-7.851562E-2
-9.128203E-1	-7.929687E-2
-9.224492E-1	-7.968749E-2
-9.292461E-1	-7.968749E-2
-9.349101E-1	-8.007812E-2
-9.388750E-1	-8.007812E-2
-9.411406E-1	-8.007812E-2
-9.417070E-1	-7.968749E-2
-9.371758E-1	-7.929687E-2
-9.258476E-1	-7.851562E-2
-9.088555E-1	-7.734374E-2
-8.856328E-1	-7.617187E-2
-8.578789E-1	-7.460937E-2
-8.272930E-1	-7.265624E-2
-7.938750E-1	-7.070312E-2
-7.570586E-1	-6.835937E-2
-7.179765E-1	-6.601562E-2
-6.749297E-1	-6.328124E-2
-6.318828E-1	-6.054687E-2
-5.843047E-1	-5.781249E-2
-5.338945E-1	-5.507812E-2
-4.800859E-1	-5.156249E-2
-4.206133E-1	-4.765625E-2
-3.600078E-1	-4.414062E-2
-3.005351E-1	-4.023437E-2
-2.404961E-1	-3.671875E-2
-1.810234E-1	-3.281250E-2
-1.249492E-1	-2.851562E-2
-7.114062E-2	-2.421875E-2
-1.846484E-2	-1.953125E-2
2.458203E-2	-1.406250E-2
6.309766E-2	-7.031249E-3
1.101094E-1	1.562500E-3
1.718477E-1	1.093750E-2
2.347187E-1	1.953125E-2
2.970234E-1	2.734375E-2
3.564961E-1	3.398437E-2
4.097383E-1	3.945312E-2
4.618476E-1	4.414062E-2
5.150898E-1	4.843750E-2
5.649336E-1	5.195312E-2
6.108125E-1	5.507812E-2
6.549922E-1	5.781249E-2
6.974726E-1	6.015624E-2
7.393867E-1	6.289062E-2
7.773359E-1	6.484374E-2
8.124531E-1	6.679687E-2
8.430390E-1	6.835937E-2
8.656953E-1	6.953124E-2
8.849531E-1	7.031249E-2
8.996797E-1	7.070312E-2
9.104414E-1	7.109374E-2
9.200703E-1	7.148437E-2
9.274336E-1	7.187499E-2
9.330976E-1	7.187499E-2
9.370625E-1	7.187499E-2
9.393281E-1	7.187499E-2
9.398945E-1	7.148437E-2
9.336640E-1	7.109374E-2
9.217695E-1	7.031249E-2
9.047773E-1	6.953124E-2
8.815547E-1	6.835937E-2
8.538008E-1	6.718749E-2
8.220820E-1	6.523437E-2
7.892305E-1	6.328124E-2
7.535469E-1	6.093749E-2
7.127656E-1	5.859374E-2
6.702851E-1	5.585937E-2
6.249726E-1	5.351562E-2
5.773945E-1	5.078124E-2
5.292500E-1	4.804687E-2
4.760078E-1	4.492187E-2
4.159687E-1	4.140625E-2
3.547969E-1	3.750000E-2
2.930586E-1	3.359375E-2
2.347187E-1	2.968750E-2
1.758125E-1	2.578125E-2
1.197383E-1	2.187500E-2
6.649609E-2	1.757812E-2
1.551953E-2	1.289062E-2
-3.035937E-2	7.812499E-3
-7.057422E-2	7.812499E-4
-1.181523E-1	-7.812499E-3
-1.793242E-1	-1.679687E-2
-2.433281E-1	-2.539062E-2
-3.056328E-1	-3.359375E-2
-3.639726E-1	-3.984375E-2
-4.166484E-1	-4.531250E-2
-4.698906E-1	-5.039062E-2
-5.231328E-1	-5.507812E-2
-5.741094E-1	-5.898437E-2
-6.199883E-1	-6.210937E-2
-6.613359E-1	-6.484374E-2
-7.032500E-1	-6.757812E-2
-7.434648E-1	-6.992187E-2
-7.825469E-1	-7.226562E-2
-8.187969E-1	-7.421874E-2
-8.476836E-1	-7.578124E-2
-8.703398E-1	-7.695312E-2
-8.884648E-1	-7.812499E-2
-9.026250E-1	-7.890624E-2
-9.139531E-1	-7.929687E-2
-9.230156E-1	-7.968749E-2
-9.303789E-1	-7.968749E-2
-9.354765E-1	-8.007812E-2
-9.394414E-1	-8.007812E-2
-9.417070E-1	-8.007812E-2
-9.417070E-1	-7.968749E-2
-9.371758E-1	-7.929687E-2
-9.252812E-1	-7.851562E-2
-9.077226E-1	-7.734374E-2
-8.856328E-1	-7.617187E-2
-8.584453E-1	-7.460937E-2
-8.278594E-1	-7.265624E-2
-7.933086E-1	-7.031249E-2
-7.553594E-1	-6.835937E-2
-7.151445E-1	-6.562499E-2
-6.720976E-1	-6.328124E-2
-6.279180E-1	-6.054687E-2
-5.803398E-1	-5.742187E-2
-5.304961E-1	-5.468749E-2
-4.766875E-1	-5.117187E-2
-4.166484E-1	-4.765625E-2
-3.560430E-1	-4.375000E-2
-2.960039E-1	-3.984375E-2
-2.365312E-1	-3.632812E-2
-1.776250E-1	-3.242187E-2
-1.209844E-1	-2.812500E-2
-6.660937E-2	-2.382812E-2
-1.450000E-2	-1.914062E-2
2.854688E-2	-1.328125E-2
6.592969E-2	-6.640624E-3
1.146406E-1	2.343750E-3
1.763789E-1	1.132812E-2
2.398164E-1	1.992187E-2
3.021211E-1	2.773437E-2
3.610273E-1	3.437500E-2
4.131367E-1	3.984375E-2
4.658125E-1	4.453125E-2
5.184883E-1	4.843750E-2
5.688984E-1	5.195312E-2
6.142109E-1	5.546874E-2
6.578242E-1	5.781249E-2
7.008711E-1	6.054687E-2
7.422187E-1	6.289062E-2
7.807344E-1	6.523437E-2
8.147187E-1	6.679687E-2
8.447383E-1	6.835937E-2
8.685273E-1	6.953124E-2
8.866523E-1	7.031249E-2
9.019453E-1	7.070312E-2
9.132734E-1	7.148437E-2
9.223359E-1	7.148437E-2
9.291328E-1	7.187499E-2
9.342305E-1	7.187499E-2
9.387617E-1	7.187499E-2
9.410273E-1	7.187499E-2
9.404609E-1	7.148437E-2
9.342305E-1	7.109374E-2
9.217695E-1	7.031249E-2
9.036445E-1	6.953124E-2
8.792890E-1	6.835937E-2
8.509687E-1	6.679687E-2
8.203828E-1	6.484374E-2
7.869648E-1	6.289062E-2
7.501484E-1	6.054687E-2
7.105000E-1	5.820312E-2
6.668867E-1	5.585937E-2
6.210078E-1	5.312499E-2
5.745625E-1	5.039062E-2
5.264180E-1	4.765625E-2
4.726094E-1	4.453125E-2
4.131367E-1	4.101562E-2
3.508320E-1	3.710937E-2
2.896602E-1	3.359375E-2
2.307539E-1	2.968750E-2
1.724141E-1	2.539062E-2
1.152070E-1	2.148437E-2
6.253125E-2	1.679687E-2
1.098828E-2	1.250000E-2
-3.319140E-2	7.421874E-3
-7.283984E-2	0.000000E+0
-1.221172E-1	-8.203124E-3
-1.827227E-1	-1.718750E-2
-2.467266E-1	-2.617187E-2
-3.090312E-1	-3.398437E-2
-3.673711E-1	-4.023437E-2
-4.200469E-1	-4.570312E-2
-4.727226E-1	-5.078124E-2
-5.259648E-1	-5.507812E-2
-5.775078E-1	-5.898437E-2
-6.228203E-1	-6.210937E-2
-6.630351E-1	-6.484374E-2
-7.038164E-1	-6.757812E-2
-7.440312E-1	-6.992187E-2
-7.836797E-1	-7.226562E-2
-8.193633E-1	-7.421874E-2
-8.488164E-1	-7.578124E-2
-8.714726E-1	-7.734374E-2
-8.895976E-1	-7.812499E-2
-9.037578E-1	-7.890624E-2
-9.145195E-1	-7.929687E-2
-9.241484E-1	-7.968749E-2
-9.315117E-1	-8.007812E-2
-9.360430E-1	-8.007812E-2
-9.400078E-1	-8.007812E-2
-9.417070E-1	-8.007812E-2
-9.422734E-1	-8.007812E-2
-9.377422E-1	-7.929687E-2
-9.247148E-1	-7.851562E-2
-9.071562E-1	-7.734374E-2
-8.828008E-1	-7.578124E-2
-8.544805E-1	-7.421874E-2
-8.238945E-1	-7.226562E-2
-7.899101E-1	-7.031249E-2
-7.525273E-1	-6.796874E-2
-7.123125E-1	-6.562499E-2
-6.698320E-1	-6.328124E-2
-6.256523E-1	-6.054687E-2
-5.775078E-1	-5.742187E-2
-5.259648E-1	-5.468749E-2
-4.721562E-1	-5.117187E-2
-4.126836E-1	-4.726562E-2
-3.526445E-1	-4.335937E-2
-2.920391E-1	-3.984375E-2
-2.331328E-1	-3.632812E-2
-1.742266E-1	-3.242187E-2
-1.175859E-1	-2.812500E-2
-6.377734E-2	-2.382812E-2
-1.166797E-2	-1.875000E-2
3.024609E-2	-1.328125E-2
6.819531E-2	-5.859374E-3
