X (Volt)	Y (Volt)
8.285156E-2	-1.562500E-3
1.215234E-1	1.523437E-2
1.672266E-1	3.320312E-2
2.240625E-1	5.156249E-2
2.820703E-1	6.796874E-2
3.435938E-1	8.281249E-2
4.039454E-1	9.609374E-2
4.590235E-1	1.070312E-1
5.100001E-1	1.167969E-1
5.551173E-1	1.257812E-1
5.990626E-1	1.339844E-1
6.406642E-1	1.410156E-1
6.793360E-1	1.472656E-1
7.139064E-1	1.527344E-1
7.432032E-1	1.570312E-1
7.654689E-1	1.609375E-1
7.830470E-1	1.636719E-1
7.982814E-1	1.660156E-1
8.094142E-1	1.679687E-1
8.182032E-1	1.695312E-1
8.252345E-1	1.707031E-1
8.299220E-1	1.714844E-1
8.340236E-1	1.718750E-1
8.363673E-1	1.722656E-1
8.351954E-1	1.722656E-1
8.281642E-1	1.714844E-1
8.164454E-1	1.703125E-1
7.994532E-1	1.687500E-1
7.777736E-1	1.664062E-1
7.531642E-1	1.632812E-1
7.256251E-1	1.605469E-1
6.957423E-1	1.570312E-1
6.635157E-1	1.535156E-1
6.289454E-1	1.496094E-1
5.914454E-1	1.453125E-1
5.533595E-1	1.406250E-1
5.135157E-1	1.355469E-1
4.713282E-1	1.296875E-1
4.232813E-1	1.230469E-1
3.717188E-1	1.160156E-1
3.172266E-1	1.085937E-1
2.650782E-1	1.007812E-1
2.146875E-1	9.218749E-2
1.642969E-1	8.242187E-2
1.168359E-1	7.226562E-2
7.347656E-2	6.171874E-2
3.421874E-2	5.039062E-2
1.992171E-3	3.828125E-2
-2.613283E-2	2.460937E-2
-5.777346E-2	9.765624E-3
-9.234378E-2	-5.468749E-3
-1.304297E-1	-2.187500E-2
-1.761329E-1	-3.945312E-2
-2.341407E-1	-5.781249E-2
-2.956641E-1	-7.499999E-2
-3.566016E-1	-9.023437E-2
-4.140235E-1	-1.035156E-1
-4.685157E-1	-1.156250E-1
-5.165626E-1	-1.257812E-1
-5.628517E-1	-1.343750E-1
-6.067970E-1	-1.417969E-1
-6.489845E-1	-1.484375E-1
-6.847267E-1	-1.546875E-1
-7.187111E-1	-1.601562E-1
-7.468361E-1	-1.652344E-1
-7.673439E-1	-1.687500E-1
-7.849220E-1	-1.714844E-1
-7.995705E-1	-1.742187E-1
-8.107033E-1	-1.761719E-1
-8.200783E-1	-1.777344E-1
-8.265236E-1	-1.789062E-1
-8.323830E-1	-1.796875E-1
-8.358986E-1	-1.800781E-1
-8.382423E-1	-1.804687E-1
-8.370705E-1	-1.800781E-1
-8.300392E-1	-1.796875E-1
-8.171486E-1	-1.785156E-1
-8.019142E-1	-1.765625E-1
-7.802345E-1	-1.742187E-1
-7.550392E-1	-1.714844E-1
-7.275001E-1	-1.683594E-1
-6.976173E-1	-1.652344E-1
-6.659767E-1	-1.613281E-1
-6.319923E-1	-1.570312E-1
-5.944923E-1	-1.523437E-1
-5.540626E-1	-1.476562E-1
-5.136329E-1	-1.429687E-1
-4.714454E-1	-1.375000E-1
-4.228126E-1	-1.312500E-1
-3.724220E-1	-1.242187E-1
-3.196876E-1	-1.160156E-1
-2.669532E-1	-1.070312E-1
-2.153907E-1	-9.804686E-2
-1.667579E-1	-8.828124E-2
-1.187110E-1	-7.812499E-2
-7.652347E-2	-6.718749E-2
-3.667971E-2	-5.546874E-2
-5.039080E-3	-4.296875E-2
2.308592E-2	-2.968750E-2
5.355468E-2	-1.484375E-2
8.753906E-2	3.906250E-4
1.267969E-1	1.718750E-2
1.736719E-1	3.554687E-2
2.310938E-1	5.351562E-2
2.896875E-1	6.953124E-2
3.517969E-1	8.437499E-2
4.109766E-1	9.726562E-2
4.654688E-1	1.082031E-1
5.146876E-1	1.179687E-1
5.598048E-1	1.265625E-1
6.037501E-1	1.347656E-1
6.453517E-1	1.417969E-1
6.834376E-1	1.476562E-1
7.174220E-1	1.531250E-1
7.461329E-1	1.574219E-1
7.672267E-1	1.613281E-1
7.848048E-1	1.640625E-1
7.994532E-1	1.664062E-1
8.100001E-1	1.683594E-1
8.182032E-1	1.699219E-1
8.252345E-1	1.707031E-1
8.299220E-1	1.714844E-1
8.340236E-1	1.718750E-1
8.357814E-1	1.722656E-1
8.346095E-1	1.722656E-1
8.269923E-1	1.714844E-1
8.152736E-1	1.703125E-1
7.976954E-1	1.683594E-1
7.742579E-1	1.660156E-1
7.496485E-1	1.628906E-1
7.209376E-1	1.597656E-1
6.910548E-1	1.566406E-1
6.582423E-1	1.527344E-1
6.230860E-1	1.488281E-1
5.861720E-1	1.445312E-1
5.480860E-1	1.398437E-1
5.082423E-1	1.347656E-1
4.642969E-1	1.289062E-1
4.162501E-1	1.222656E-1
3.641016E-1	1.152344E-1
3.107813E-1	1.074219E-1
2.592188E-1	9.960936E-2
2.088281E-1	9.101562E-2
1.590234E-1	8.124999E-2
1.121484E-1	7.109374E-2
6.996093E-2	6.093749E-2
3.128905E-2	4.921874E-2
-9.375168E-4	3.710937E-2
-2.906252E-2	2.304687E-2
-6.070315E-2	8.593749E-3
-9.585941E-2	-7.031249E-3
-1.339454E-1	-2.343750E-2
-1.802344E-1	-4.101562E-2
-2.388282E-1	-5.937499E-2
-2.997657E-1	-7.617187E-2
-3.612891E-1	-9.140624E-2
-4.187110E-1	-1.046875E-1
-4.720313E-1	-1.164062E-1
-5.200782E-1	-1.265625E-1
-5.663673E-1	-1.351562E-1
-6.108986E-1	-1.425781E-1
-6.519142E-1	-1.492187E-1
-6.882423E-1	-1.554687E-1
-7.210548E-1	-1.609375E-1
-7.485939E-1	-1.656250E-1
-7.696876E-1	-1.691406E-1
-7.866798E-1	-1.718750E-1
-8.013283E-1	-1.742187E-1
-8.118752E-1	-1.761719E-1
-8.200783E-1	-1.777344E-1
-8.271095E-1	-1.789062E-1
-8.323830E-1	-1.796875E-1
-8.364845E-1	-1.800781E-1
-8.394142E-1	-1.804687E-1
-8.370705E-1	-1.804687E-1
-8.294533E-1	-1.796875E-1
-8.159767E-1	-1.781250E-1
-7.989845E-1	-1.765625E-1
-7.761330E-1	-1.738281E-1
-7.509376E-1	-1.710937E-1
-7.239845E-1	-1.679687E-1
-6.946876E-1	-1.648437E-1
-6.636329E-1	-1.605469E-1
-6.278907E-1	-1.562500E-1
-5.898048E-1	-1.519531E-1
-5.499610E-1	-1.472656E-1
-5.089454E-1	-1.421875E-1
-4.661720E-1	-1.367187E-1
-4.169532E-1	-1.304687E-1
-3.665626E-1	-1.230469E-1
-3.138282E-1	-1.148437E-1
-2.616797E-1	-1.062500E-1
-2.095313E-1	-9.687499E-2
-1.603125E-1	-8.749999E-2
-1.140235E-1	-7.695312E-2
-7.183597E-2	-6.562499E-2
-3.257815E-2	-5.429687E-2
-1.523454E-3	-4.140625E-2
2.718749E-2	-2.812500E-2
5.824218E-2	-1.328125E-2
9.222656E-2	2.343750E-3
1.314844E-1	1.914062E-2
1.795313E-1	3.750000E-2
2.381250E-1	5.546874E-2
2.967188E-1	7.109374E-2
3.588282E-1	8.593749E-2
4.180079E-1	9.882811E-2
4.713282E-1	1.093750E-1
5.193751E-1	1.191406E-1
5.644923E-1	1.277344E-1
6.078516E-1	1.355469E-1
6.488673E-1	1.425781E-1
6.869532E-1	1.480469E-1
7.209376E-1	1.535156E-1
7.478907E-1	1.578125E-1
7.689845E-1	1.613281E-1
7.865626E-1	1.640625E-1
8.000392E-1	1.664062E-1
8.111720E-1	1.683594E-1
8.187892E-1	1.699219E-1
8.258204E-1	1.707031E-1
8.305079E-1	1.714844E-1
8.340236E-1	1.718750E-1
8.357814E-1	1.722656E-1
8.340236E-1	1.722656E-1
8.258204E-1	1.710937E-1
8.129298E-1	1.699219E-1
7.959376E-1	1.679687E-1
7.730861E-1	1.656250E-1
7.467189E-1	1.628906E-1
7.191798E-1	1.597656E-1
6.887110E-1	1.562500E-1
6.558985E-1	1.527344E-1
6.207423E-1	1.488281E-1
5.826563E-1	1.441406E-1
5.439845E-1	1.394531E-1
5.041407E-1	1.339844E-1
4.601954E-1	1.281250E-1
4.109766E-1	1.214844E-1
3.576563E-1	1.144531E-1
3.037500E-1	1.066406E-1
2.527735E-1	9.882811E-2
2.017969E-1	8.984374E-2
1.525781E-1	7.968749E-2
1.057031E-1	6.992187E-2
6.351562E-2	5.898437E-2
2.542968E-2	4.765625E-2
-5.625018E-3	3.476562E-2
-3.433596E-2	2.070312E-2
-6.597659E-2	5.859374E-3
-1.017188E-1	-9.374999E-3
-1.409766E-1	-2.617187E-2
-1.896094E-1	-4.414062E-2
-2.493751E-1	-6.210937E-2
-3.103126E-1	-7.890624E-2
-3.706641E-1	-9.374999E-2
-4.280860E-1	-1.066406E-1
-4.802345E-1	-1.183594E-1
-5.276954E-1	-1.281250E-1
-5.733986E-1	-1.363281E-1
-6.173439E-1	-1.437500E-1
-6.577736E-1	-1.503906E-1
-6.941017E-1	-1.562500E-1
-7.263283E-1	-1.617187E-1
-7.532814E-1	-1.660156E-1
-7.720314E-1	-1.695312E-1
-7.896095E-1	-1.722656E-1
-8.036720E-1	-1.746094E-1
-8.148048E-1	-1.765625E-1
-8.218361E-1	-1.777344E-1
-8.288673E-1	-1.789062E-1
-8.341408E-1	-1.796875E-1
-8.376564E-1	-1.800781E-1
-8.394142E-1	-1.804687E-1
-8.370705E-1	-1.800781E-1
-8.282814E-1	-1.796875E-1
-8.148048E-1	-1.781250E-1
-7.966408E-1	-1.761719E-1
-7.737892E-1	-1.734375E-1
-7.480080E-1	-1.707031E-1
-7.204689E-1	-1.675781E-1
-6.905861E-1	-1.640625E-1
-6.589454E-1	-1.601562E-1
-6.226173E-1	-1.558594E-1
-5.839454E-1	-1.511719E-1
-5.441017E-1	-1.464844E-1
-5.030860E-1	-1.414062E-1
-4.591407E-1	-1.359375E-1
-4.099220E-1	-1.292969E-1
-3.583595E-1	-1.218750E-1
-3.062110E-1	-1.136719E-1
-2.540626E-1	-1.046875E-1
-2.030860E-1	-9.570312E-2
-1.544532E-1	-8.593749E-2
-1.081641E-1	-7.499999E-2
-6.539065E-2	-6.406249E-2
-2.789065E-2	-5.234374E-2
1.992171E-3	-3.945312E-2
3.070311E-2	-2.578125E-2
6.234374E-2	-1.093750E-2
9.691406E-2	4.687500E-3
1.379297E-1	2.187500E-2
1.877344E-1	4.023437E-2
2.463282E-1	5.781249E-2
3.055078E-1	7.343749E-2
3.676172E-1	8.789062E-2
4.267969E-1	1.003906E-1
4.795313E-1	1.109375E-1
5.264063E-1	1.203125E-1
5.709376E-1	1.289062E-1
6.148829E-1	1.367187E-1
6.558985E-1	1.433594E-1
6.928126E-1	1.492187E-1
7.256251E-1	1.542969E-1
7.519923E-1	1.585937E-1
7.719142E-1	1.621094E-1
7.889064E-1	1.648437E-1
8.023829E-1	1.671875E-1
8.123439E-1	1.687500E-1
8.205470E-1	1.703125E-1
8.264064E-1	1.710937E-1
8.316798E-1	1.718750E-1
8.357814E-1	1.722656E-1
8.369533E-1	1.722656E-1
8.340236E-1	1.722656E-1
8.252345E-1	1.710937E-1
8.111720E-1	1.699219E-1
7.930079E-1	1.679687E-1
7.689845E-1	1.652344E-1
7.432032E-1	1.625000E-1
7.144923E-1	1.593750E-1
6.846095E-1	1.558594E-1
6.512110E-1	1.519531E-1
6.166407E-1	1.480469E-1
5.779688E-1	1.437500E-1
5.387110E-1	1.386719E-1
4.982813E-1	1.332031E-1
4.531641E-1	1.273437E-1
4.039454E-1	1.207031E-1
3.500391E-1	1.132812E-1
2.967188E-1	1.054687E-1
2.457422E-1	9.765624E-2
1.947656E-1	8.867187E-2
1.455469E-1	7.851562E-2
9.925781E-2	6.835937E-2
5.824218E-2	5.742187E-2
2.074217E-2	4.609375E-2
-9.140643E-3	3.320312E-2
-3.726565E-2	1.914062E-2
-7.007815E-2	4.296875E-3
-1.058203E-1	-1.132812E-2
-1.462500E-1	-2.851562E-2
-1.966407E-1	-4.609375E-2
-2.564063E-1	-6.406249E-2
-3.173438E-1	-8.085937E-2
-3.782813E-1	-9.531249E-2
-4.345313E-1	-1.082031E-1
-4.855079E-1	-1.195312E-1
-5.323829E-1	-1.289062E-1
-5.780861E-1	-1.371094E-1
-6.220314E-1	-1.445312E-1
-6.624611E-1	-1.507812E-1
-6.970314E-1	-1.566406E-1
-7.292580E-1	-1.621094E-1
-7.544533E-1	-1.664062E-1
-7.737892E-1	-1.699219E-1
-7.907814E-1	-1.726562E-1
-8.036720E-1	-1.746094E-1
-8.136330E-1	-1.765625E-1
-8.224220E-1	-1.777344E-1
-8.288673E-1	-1.789062E-1
-8.335548E-1	-1.796875E-1
-8.364845E-1	-1.800781E-1
-8.382423E-1	-1.800781E-1
-8.353127E-1	-1.800781E-1
-8.259377E-1	-1.792969E-1
-8.118752E-1	-1.777344E-1
-7.931252E-1	-1.757812E-1
-7.696876E-1	-1.730469E-1
-7.450783E-1	-1.703125E-1
-7.169533E-1	-1.671875E-1
-6.864845E-1	-1.636719E-1
-6.542579E-1	-1.593750E-1
-6.185157E-1	-1.550781E-1
-5.798439E-1	-1.507812E-1
-5.394142E-1	-1.457031E-1
-4.983985E-1	-1.406250E-1
-4.544532E-1	-1.351562E-1
-4.046485E-1	-1.285156E-1
-3.530860E-1	-1.210937E-1
-3.015235E-1	-1.128906E-1
-2.493751E-1	-1.039062E-1
-1.978126E-1	-9.453124E-2
-1.497657E-1	-8.476562E-2
-1.034766E-1	-7.421874E-2
-6.128909E-2	-6.289062E-2
-2.437502E-2	-5.078124E-2
4.921859E-3	-3.828125E-2
3.421874E-2	-2.421875E-2
6.644531E-2	-9.374999E-3
1.016016E-1	6.249999E-3
1.432031E-1	2.382812E-2
1.941797E-1	4.218750E-2
2.527735E-1	5.976562E-2
3.131250E-1	7.499999E-2
3.758204E-1	8.984374E-2
4.338282E-1	1.015625E-1
4.848048E-1	1.121094E-1
5.328516E-1	1.214844E-1
5.767970E-1	1.296875E-1
6.201563E-1	1.375000E-1
6.605860E-1	1.441406E-1
6.963282E-1	1.500000E-1
7.291407E-1	1.546875E-1
7.549220E-1	1.589844E-1
7.742579E-1	1.621094E-1
7.906642E-1	1.648437E-1
8.041407E-1	1.671875E-1
8.141017E-1	1.687500E-1
8.223048E-1	1.699219E-1
8.281642E-1	1.710937E-1
8.328517E-1	1.718750E-1
8.363673E-1	1.722656E-1
8.363673E-1	1.722656E-1
8.334376E-1	1.718750E-1
8.240626E-1	1.710937E-1
8.100001E-1	1.695312E-1
7.906642E-1	1.675781E-1
7.672267E-1	1.648437E-1
7.408595E-1	1.621094E-1
7.121485E-1	1.589844E-1
6.810938E-1	1.554687E-1
6.476954E-1	1.515625E-1
6.119532E-1	1.476562E-1
5.738673E-1	1.429687E-1
5.346094E-1	1.378906E-1
4.935938E-1	1.328125E-1
4.490626E-1	1.265625E-1
3.980860E-1	1.199219E-1
3.441797E-1	1.125000E-1
2.908594E-1	1.046875E-1
2.398828E-1	9.648437E-2
1.883203E-1	8.710937E-2
1.402734E-1	7.695312E-2
9.457031E-2	6.718749E-2
5.296874E-2	5.624999E-2
1.664061E-2	4.453125E-2
-1.324221E-2	3.125000E-2
-4.253909E-2	1.679687E-2
-7.593753E-2	1.953125E-3
-1.116797E-1	-1.406250E-2
-1.532813E-1	-3.125000E-2
-2.048438E-1	-4.921874E-2
-2.657813E-1	-6.679687E-2
-3.267188E-1	-8.320312E-2
-3.870704E-1	-9.765624E-2
-4.427345E-1	-1.101562E-1
-4.937110E-1	-1.210937E-1
-5.405860E-1	-1.304687E-1
-5.862892E-1	-1.386719E-1
-6.290626E-1	-1.453125E-1
-6.689064E-1	-1.519531E-1
-7.040626E-1	-1.578125E-1
-7.345314E-1	-1.628906E-1
-7.591408E-1	-1.671875E-1
-7.778908E-1	-1.703125E-1
-7.942970E-1	-1.730469E-1
-8.071877E-1	-1.753906E-1
-8.177345E-1	-1.769531E-1
-8.247658E-1	-1.781250E-1
-8.317970E-1	-1.792969E-1
-8.364845E-1	-1.800781E-1
-8.394142E-1	-1.800781E-1
-8.405861E-1	-1.804687E-1
-8.364845E-1	-1.800781E-1
-8.271095E-1	-1.792969E-1
-8.118752E-1	-1.777344E-1
-7.925392E-1	-1.753906E-1
-7.685158E-1	-1.730469E-1
-7.427345E-1	-1.699219E-1
-7.134376E-1	-1.667969E-1
-6.841408E-1	-1.632812E-1
-6.507423E-1	-1.589844E-1
-6.138282E-1	-1.546875E-1
-5.751564E-1	-1.500000E-1
-5.341407E-1	-1.453125E-1
-4.925392E-1	-1.402344E-1
-4.480079E-1	-1.343750E-1
-3.976173E-1	-1.277344E-1
-3.454688E-1	-1.203125E-1
-2.927344E-1	-1.117187E-1
-2.411719E-1	-1.023437E-1
-1.901954E-1	-9.335937E-2
-1.415625E-1	-8.320312E-2
-9.644535E-2	-7.226562E-2
-5.484378E-2	-6.093749E-2
-1.968752E-2	-4.882812E-2
8.437485E-3	-3.632812E-2
3.832030E-2	-2.226562E-2
7.113281E-2	-7.031249E-3
1.074609E-1	8.593749E-3
1.496484E-1	2.656250E-2
2.029688E-1	4.453125E-2
2.609766E-1	6.210937E-2
3.219141E-1	7.695312E-2
3.840235E-1	9.140624E-2
4.414454E-1	1.031250E-1
4.918360E-1	1.132812E-1
5.392970E-1	1.226562E-1
5.826563E-1	1.308594E-1
6.260157E-1	1.386719E-1
6.658595E-1	1.453125E-1
7.027735E-1	1.507812E-1
7.344142E-1	1.554687E-1
7.584376E-1	1.593750E-1
7.777736E-1	1.628906E-1
7.930079E-1	1.652344E-1
8.058986E-1	1.675781E-1
8.152736E-1	1.691406E-1
8.234767E-1	1.703125E-1
8.287501E-1	1.710937E-1
8.334376E-1	1.718750E-1
8.357814E-1	1.722656E-1
8.369533E-1	1.722656E-1
8.322658E-1	1.718750E-1
8.223048E-1	1.710937E-1
8.076564E-1	1.695312E-1
7.889064E-1	1.671875E-1
7.637111E-1	1.644531E-1
7.373439E-1	1.617187E-1
7.086329E-1	1.585937E-1
6.769923E-1	1.550781E-1
6.430079E-1	1.511719E-1
6.066798E-1	1.468750E-1
5.680079E-1	1.425781E-1
5.293360E-1	1.375000E-1
4.883204E-1	1.320312E-1
4.420313E-1	1.257812E-1
3.916407E-1	1.187500E-1
3.377344E-1	1.117187E-1
2.838282E-1	1.035156E-1
2.328516E-1	9.531249E-2
1.830469E-1	8.593749E-2
1.350000E-1	7.578124E-2
8.929687E-2	6.601562E-2
4.886718E-2	5.468749E-2
1.312499E-2	4.296875E-2
-1.617189E-2	2.968750E-2
-4.546877E-2	1.523437E-2
-7.945316E-2	0.000000E+0
-1.157813E-1	-1.562500E-2
-1.585547E-1	-3.320312E-2
-2.112891E-1	-5.117187E-2
-2.722266E-1	-6.874999E-2
-3.337501E-1	-8.476562E-2
-3.929298E-1	-9.882811E-2
-4.480079E-1	-1.113281E-1
-4.989845E-1	-1.222656E-1
-5.452735E-1	-1.312500E-1
-5.909767E-1	-1.394531E-1
-6.337501E-1	-1.460937E-1
-6.724220E-1	-1.523437E-1
-7.069923E-1	-1.582031E-1
-7.368751E-1	-1.632812E-1
-7.603126E-1	-1.675781E-1
-7.790626E-1	-1.707031E-1
-7.942970E-1	-1.730469E-1
-8.071877E-1	-1.753906E-1
-8.165627E-1	-1.769531E-1
-8.241798E-1	-1.785156E-1
-8.306252E-1	-1.792969E-1
-8.353127E-1	-1.800781E-1
-8.388283E-1	-1.804687E-1
-8.394142E-1	-1.804687E-1
-8.347267E-1	-1.800781E-1
-8.241798E-1	-1.789062E-1
-8.089455E-1	-1.773437E-1
-7.884377E-1	-1.753906E-1
-7.644142E-1	-1.726562E-1
-7.380470E-1	-1.695312E-1
-7.099220E-1	-1.664062E-1
-6.788673E-1	-1.628906E-1
-6.454689E-1	-1.585937E-1
-6.091407E-1	-1.542969E-1
-5.704689E-1	-1.496094E-1
-5.288673E-1	-1.445312E-1
-4.878517E-1	-1.394531E-1
-4.421485E-1	-1.335937E-1
-3.917579E-1	-1.269531E-1
-3.401954E-1	-1.191406E-1
-2.874610E-1	-1.105469E-1
-2.353126E-1	-1.015625E-1
-1.843360E-1	-9.218749E-2
-1.362891E-1	-8.203124E-2
-9.234378E-2	-7.109374E-2
-5.074221E-2	-5.976562E-2
-1.617189E-2	-4.765625E-2
1.195311E-2	-3.476562E-2
4.183593E-2	-2.070312E-2
7.464843E-2	-5.468749E-3
1.109766E-1	1.054687E-2
1.549219E-1	2.851562E-2
2.094141E-1	4.687500E-2
2.680078E-1	6.367187E-2
3.289454E-1	7.890624E-2
3.898829E-1	9.296874E-2
4.467188E-1	1.042969E-1
4.971094E-1	1.144531E-1
5.433985E-1	1.234375E-1
5.873438E-1	1.316406E-1
6.295313E-1	1.390625E-1
6.693751E-1	1.457031E-1
7.051173E-1	1.511719E-1
7.361720E-1	1.558594E-1
7.601954E-1	1.597656E-1
7.789454E-1	1.628906E-1
7.947657E-1	1.652344E-1
8.070704E-1	1.675781E-1
8.164454E-1	1.691406E-1
8.240626E-1	1.703125E-1
8.299220E-1	1.710937E-1
8.334376E-1	1.718750E-1
8.363673E-1	1.718750E-1
8.363673E-1	1.722656E-1
8.316798E-1	1.718750E-1
8.211329E-1	1.707031E-1
8.053126E-1	1.691406E-1
7.848048E-1	1.667969E-1
7.601954E-1	1.640625E-1
7.332423E-1	1.613281E-1
7.039454E-1	1.578125E-1
6.728907E-1	1.542969E-1
6.389063E-1	1.503906E-1
6.019923E-1	1.464844E-1
5.644923E-1	1.417969E-1
5.252344E-1	1.367187E-1
4.830469E-1	1.312500E-1
4.367579E-1	1.250000E-1
3.851954E-1	1.179687E-1
3.312891E-1	1.105469E-1
2.785547E-1	1.027344E-1
2.275781E-1	9.453124E-2
1.771875E-1	8.476562E-2
1.291406E-1	7.460937E-2
8.343750E-2	6.445312E-2
4.417968E-2	5.351562E-2
9.023422E-3	4.140625E-2
-1.968752E-2	2.812500E-2
-4.957034E-2	1.328125E-2
-8.355472E-2	-1.562500E-3
-1.204688E-1	-1.757812E-2
-1.644141E-1	-3.515625E-2
-2.189063E-1	-5.312499E-2
-2.798438E-1	-7.070312E-2
-3.407813E-1	-8.671874E-2
-3.999610E-1	-1.003906E-1
-4.556251E-1	-1.128906E-1
-5.048439E-1	-1.234375E-1
-5.517189E-1	-1.324219E-1
-5.968361E-1	-1.402344E-1
-6.390236E-1	-1.468750E-1
-6.776954E-1	-1.531250E-1
-7.110939E-1	-1.589844E-1
-7.415626E-1	-1.640625E-1
-7.638283E-1	-1.679687E-1
-7.814064E-1	-1.710937E-1
-7.978127E-1	-1.734375E-1
-8.095314E-1	-1.757812E-1
-8.177345E-1	-1.773437E-1
-8.265236E-1	-1.785156E-1
-8.317970E-1	-1.792969E-1
-8.364845E-1	-1.800781E-1
-8.388283E-1	-1.804687E-1
-8.388283E-1	-1.804687E-1
-8.335548E-1	-1.800781E-1
-8.230080E-1	-1.789062E-1
-8.083595E-1	-1.773437E-1
-7.878517E-1	-1.750000E-1
-7.626564E-1	-1.726562E-1
-7.362892E-1	-1.695312E-1
-7.075783E-1	-1.660156E-1
-6.771095E-1	-1.625000E-1
-6.425392E-1	-1.582031E-1
-6.056251E-1	-1.535156E-1
-5.651954E-1	-1.488281E-1
-5.247657E-1	-1.441406E-1
-4.831642E-1	-1.390625E-1
-4.362892E-1	-1.328125E-1
-3.853126E-1	-1.257812E-1
-3.325782E-1	-1.179687E-1
-2.798438E-1	-1.093750E-1
-2.276954E-1	-9.999999E-2
-1.773047E-1	-9.062499E-2
-1.304297E-1	-8.046874E-2
-8.648441E-2	-6.953124E-2
-4.488284E-2	-5.820312E-2
-1.207033E-2	-4.570312E-2
1.605467E-2	-3.281250E-2
4.710937E-2	-1.835937E-2
7.992187E-2	-3.125000E-3
1.174219E-1	1.328125E-2
1.613672E-1	3.125000E-2
2.170313E-1	4.960937E-2
2.767969E-1	6.640624E-2
3.377344E-1	8.124999E-2
3.992579E-1	9.492187E-2
4.549219E-1	1.058594E-1
5.041407E-1	1.160156E-1
5.498438E-1	1.250000E-1
5.943751E-1	1.332031E-1
6.365626E-1	1.402344E-1
6.752345E-1	1.464844E-1
7.098048E-1	1.519531E-1
7.402735E-1	1.566406E-1
7.631251E-1	1.605469E-1
7.812892E-1	1.632812E-1
7.965236E-1	1.660156E-1
8.082423E-1	1.679687E-1
8.170314E-1	1.695312E-1
8.240626E-1	1.707031E-1
8.299220E-1	1.714844E-1
8.340236E-1	1.718750E-1
8.369533E-1	1.722656E-1
8.363673E-1	1.722656E-1
8.299220E-1	1.718750E-1
8.193751E-1	1.707031E-1
8.035548E-1	1.691406E-1
7.818751E-1	1.667969E-1
7.578517E-1	1.640625E-1
7.308985E-1	1.609375E-1
7.010157E-1	1.578125E-1
6.693751E-1	1.539062E-1
6.342188E-1	1.500000E-1
5.967188E-1	1.460937E-1
5.586329E-1	1.414062E-1
5.199610E-1	1.359375E-1
4.771876E-1	1.304687E-1
4.303126E-1	1.242187E-1
3.781641E-1	1.171875E-1
3.248438E-1	1.097656E-1
2.721094E-1	1.019531E-1
2.217188E-1	9.335937E-2
1.707422E-1	8.359374E-2
1.226953E-1	7.343749E-2
7.875000E-2	6.328124E-2
3.890624E-2	5.195312E-2
4.335922E-3	3.984375E-2
-2.261721E-2	2.617187E-2
-5.425784E-2	1.171875E-2
-8.824222E-2	-3.515625E-3
-1.257422E-1	-1.992187E-2
-1.702735E-1	-3.750000E-2
-2.271094E-1	-5.546874E-2
-2.880469E-1	-7.265624E-2
-3.489845E-1	-8.867187E-2
-4.075782E-1	-1.019531E-1
-4.614845E-1	-1.140625E-1
-5.107032E-1	-1.246094E-1
-5.569923E-1	-1.335937E-1
-6.015236E-1	-1.410156E-1
-6.437111E-1	-1.476562E-1
-6.812111E-1	-1.539062E-1
-7.146095E-1	-1.593750E-1
-7.439064E-1	-1.644531E-1
-7.655861E-1	-1.683594E-1
-7.831642E-1	-1.710937E-1
-7.989845E-1	-1.734375E-1
-8.101173E-1	-1.757812E-1
-8.194923E-1	-1.773437E-1
-8.271095E-1	-1.785156E-1
-8.329689E-1	-1.792969E-1
-8.370705E-1	-1.800781E-1
-8.394142E-1	-1.800781E-1
-8.382423E-1	-1.800781E-1
-8.323830E-1	-1.796875E-1
-8.206642E-1	-1.785156E-1
-8.042580E-1	-1.765625E-1
-7.819923E-1	-1.742187E-1
-7.579689E-1	-1.718750E-1
-7.316017E-1	-1.687500E-1
-7.023048E-1	-1.656250E-1
-6.718361E-1	-1.617187E-1
-6.372658E-1	-1.574219E-1
-6.003517E-1	-1.531250E-1
-5.605079E-1	-1.484375E-1
-5.194923E-1	-1.433594E-1
-4.778907E-1	-1.382812E-1
-4.304298E-1	-1.320312E-1
-3.794532E-1	-1.250000E-1
-3.267188E-1	-1.171875E-1
-2.739844E-1	-1.082031E-1
-2.218360E-1	-9.882811E-2
-1.714454E-1	-8.945312E-2
-1.239844E-1	-7.890624E-2
-8.121097E-2	-6.796874E-2
-4.078127E-2	-5.664062E-2
-8.554706E-3	-4.414062E-2
1.957030E-2	-3.125000E-2
5.062499E-2	-1.679687E-2
8.402344E-2	-1.562500E-3
1.221094E-1	1.523437E-2
1.678125E-1	3.320312E-2
2.252344E-1	5.156249E-2
2.838282E-1	6.796874E-2
3.453516E-1	8.281249E-2
4.062891E-1	9.609374E-2
4.601954E-1	1.070312E-1
5.094141E-1	1.167969E-1
5.545313E-1	1.257812E-1
5.984766E-1	1.335937E-1
6.394923E-1	1.410156E-1
6.787501E-1	1.468750E-1
7.127345E-1	1.523437E-1
7.420314E-1	1.566406E-1
7.642970E-1	1.605469E-1
7.824611E-1	1.636719E-1
7.976954E-1	1.660156E-1
8.082423E-1	1.679687E-1
8.170314E-1	1.695312E-1
8.240626E-1	1.707031E-1
8.293361E-1	1.714844E-1
8.328517E-1	1.718750E-1
8.357814E-1	1.722656E-1
8.340236E-1	1.718750E-1
8.281642E-1	1.714844E-1
8.164454E-1	1.703125E-1
8.000392E-1	1.683594E-1
7.783595E-1	1.660156E-1
7.531642E-1	1.632812E-1
7.256251E-1	1.601562E-1
6.963282E-1	1.570312E-1
6.635157E-1	1.535156E-1
6.289454E-1	1.496094E-1
5.920313E-1	1.453125E-1
5.533595E-1	1.406250E-1
5.141016E-1	1.351562E-1
4.719141E-1	1.296875E-1
4.238672E-1	1.230469E-1
3.717188E-1	1.160156E-1
3.183985E-1	1.085937E-1
2.662500E-1	1.007812E-1
2.158594E-1	9.218749E-2
1.654688E-1	8.242187E-2
1.180078E-1	7.226562E-2
7.464843E-2	6.210937E-2
3.597655E-2	5.078124E-2
3.164046E-3	3.867187E-2
-2.554690E-2	2.500000E-2
-5.718753E-2	1.015625E-2
-9.175784E-2	-5.078124E-3
-1.298438E-1	-2.148437E-2
-1.755469E-1	-3.906250E-2
-2.335547E-1	-5.742187E-2
-2.944923E-1	-7.460937E-2
-3.560157E-1	-9.023437E-2
-4.134376E-1	-1.035156E-1
-4.673438E-1	-1.156250E-1
-5.159767E-1	-1.253906E-1
-5.622657E-1	-1.343750E-1
-6.067970E-1	-1.417969E-1
-6.489845E-1	-1.484375E-1
-6.858986E-1	-1.546875E-1
-7.192970E-1	-1.601562E-1
-7.468361E-1	-1.652344E-1
-7.691017E-1	-1.687500E-1
-7.866798E-1	-1.714844E-1
-8.007423E-1	-1.738281E-1
-8.124611E-1	-1.761719E-1
-8.206642E-1	-1.777344E-1
-8.282814E-1	-1.785156E-1
-8.341408E-1	-1.796875E-1
-8.382423E-1	-1.800781E-1
-8.405861E-1	-1.804687E-1
-8.400002E-1	-1.804687E-1
-8.341408E-1	-1.796875E-1
-8.212502E-1	-1.785156E-1
-8.054298E-1	-1.769531E-1
-7.825783E-1	-1.742187E-1
-7.573830E-1	-1.714844E-1
-7.298439E-1	-1.687500E-1
-7.011329E-1	-1.652344E-1
-6.700783E-1	-1.613281E-1
-6.343361E-1	-1.570312E-1
-5.968361E-1	-1.527344E-1
-5.569923E-1	-1.480469E-1
-5.159767E-1	-1.429687E-1
-4.732032E-1	-1.375000E-1
-4.245704E-1	-1.312500E-1
-3.741798E-1	-1.242187E-1
-3.202735E-1	-1.160156E-1
-2.687110E-1	-1.070312E-1
-2.165626E-1	-9.804686E-2
-1.667579E-1	-8.828124E-2
-1.192969E-1	-7.812499E-2
-7.652347E-2	-6.679687E-2
-3.726565E-2	-5.546874E-2
-5.625018E-3	-4.257812E-2
2.308592E-2	-2.929687E-2
5.414062E-2	-1.484375E-2
8.812500E-2	7.812499E-4
1.273828E-1	1.718750E-2
1.736719E-1	3.554687E-2
2.316797E-1	5.351562E-2
2.896875E-1	6.953124E-2
3.517969E-1	8.437499E-2
4.127344E-1	9.726562E-2
4.660548E-1	1.082031E-1
5.146876E-1	1.179687E-1
5.598048E-1	1.265625E-1
6.037501E-1	1.347656E-1
6.459376E-1	1.417969E-1
6.834376E-1	1.476562E-1
7.180079E-1	1.531250E-1
7.461329E-1	1.574219E-1
7.678126E-1	1.613281E-1
7.859767E-1	1.640625E-1
7.994532E-1	1.664062E-1
8.111720E-1	1.683594E-1
8.193751E-1	1.699219E-1
8.269923E-1	1.707031E-1
8.316798E-1	1.714844E-1
8.351954E-1	1.718750E-1
8.375392E-1	1.722656E-1
8.363673E-1	1.722656E-1
8.293361E-1	1.714844E-1
8.176173E-1	1.703125E-1
8.000392E-1	1.687500E-1
7.771876E-1	1.660156E-1
7.519923E-1	1.632812E-1
7.244532E-1	1.601562E-1
6.939845E-1	1.570312E-1
6.611720E-1	1.531250E-1
6.260157E-1	1.492187E-1
5.891016E-1	1.449219E-1
5.498438E-1	1.402344E-1
5.100001E-1	1.347656E-1
4.672266E-1	1.289062E-1
4.185938E-1	1.226562E-1
3.664454E-1	1.156250E-1
3.125391E-1	1.078125E-1
2.603907E-1	9.999999E-2
2.100000E-1	9.140624E-2
1.607813E-1	8.124999E-2
1.133203E-1	7.148437E-2
7.054687E-2	6.093749E-2
3.187499E-2	4.960937E-2
-9.375168E-4	3.710937E-2
-2.906252E-2	2.343750E-2
-6.070315E-2	8.593749E-3
-9.585941E-2	-6.640624E-3
-1.339454E-1	-2.343750E-2
-1.802344E-1	-4.101562E-2
-2.388282E-1	-5.937499E-2
-2.997657E-1	-7.617187E-2
-3.607032E-1	-9.140624E-2
-4.187110E-1	-1.046875E-1
-4.720313E-1	-1.164062E-1
-5.206642E-1	-1.261719E-1
-5.669532E-1	-1.347656E-1
-6.103126E-1	-1.425781E-1
-6.519142E-1	-1.492187E-1
-6.888283E-1	-1.550781E-1
-7.222267E-1	-1.605469E-1
-7.491798E-1	-1.656250E-1
-7.702736E-1	-1.691406E-1
-7.878517E-1	-1.718750E-1
-8.019142E-1	-1.742187E-1
-8.118752E-1	-1.761719E-1
-8.212502E-1	-1.777344E-1
-8.282814E-1	-1.785156E-1
-8.341408E-1	-1.792969E-1
-8.376564E-1	-1.800781E-1
-8.394142E-1	-1.800781E-1
-8.382423E-1	-1.800781E-1
-8.306252E-1	-1.796875E-1
-8.171486E-1	-1.781250E-1
-8.013283E-1	-1.761719E-1
-7.784767E-1	-1.738281E-1
-7.538673E-1	-1.710937E-1
-7.263283E-1	-1.679687E-1
-6.970314E-1	-1.648437E-1
-6.653908E-1	-1.609375E-1
-6.302345E-1	-1.566406E-1
-5.927345E-1	-1.519531E-1
-5.528907E-1	-1.472656E-1
-5.118751E-1	-1.421875E-1
-4.691017E-1	-1.367187E-1
-4.192970E-1	-1.304687E-1
-3.683204E-1	-1.230469E-1
-3.150001E-1	-1.152344E-1
-2.634376E-1	-1.062500E-1
-2.118751E-1	-9.726562E-2
-1.626563E-1	-8.749999E-2
-1.151953E-1	-7.695312E-2
-7.183597E-2	-6.601562E-2
-3.316408E-2	-5.429687E-2
-2.109392E-3	-4.140625E-2
2.601561E-2	-2.812500E-2
5.765624E-2	-1.328125E-2
9.164062E-2	2.343750E-3
