X (Volt)	Y (Volt)
4.828124E-2	-1.171875E-3
9.457031E-2	2.734375E-3
1.455469E-1	6.249999E-3
1.971094E-1	9.765624E-3
2.486719E-1	1.250000E-2
2.967188E-1	1.484375E-2
3.424219E-1	1.718750E-2
3.869532E-1	1.953125E-2
4.314844E-1	2.148437E-2
4.760157E-1	2.382812E-2
5.176173E-1	2.578125E-2
5.562891E-1	2.773437E-2
5.926173E-1	2.968750E-2
6.295313E-1	3.125000E-2
6.646876E-1	3.281250E-2
6.975001E-1	3.437500E-2
7.262110E-1	3.593750E-2
7.490626E-1	3.671875E-2
7.660548E-1	3.750000E-2
7.795314E-1	3.828125E-2
7.912501E-1	3.867187E-2
7.994532E-1	3.906250E-2
8.058986E-1	3.906250E-2
8.105861E-1	3.906250E-2
8.135157E-1	3.906250E-2
8.158595E-1	3.906250E-2
8.170314E-1	3.906250E-2
8.152736E-1	3.906250E-2
8.070704E-1	3.867187E-2
7.941798E-1	3.789062E-2
7.748439E-1	3.671875E-2
7.519923E-1	3.554687E-2
7.262110E-1	3.437500E-2
6.980860E-1	3.281250E-2
6.676173E-1	3.125000E-2
6.330470E-1	2.968750E-2
5.967188E-1	2.773437E-2
5.586329E-1	2.578125E-2
5.187891E-1	2.382812E-2
4.783594E-1	2.187500E-2
4.367579E-1	1.953125E-2
3.881250E-1	1.718750E-2
3.336329E-1	1.484375E-2
2.797266E-1	1.210937E-2
2.275781E-1	9.765624E-3
1.748438E-1	7.031249E-3
1.250391E-1	4.687500E-3
7.816406E-2	1.953125E-3
3.246093E-2	-3.906250E-4
-1.324221E-2	-2.734375E-3
-5.660159E-2	-5.468749E-3
-1.052344E-1	-9.374999E-3
-1.550391E-1	-1.250000E-2
-2.066016E-1	-1.601562E-2
-2.575782E-1	-1.914062E-2
-3.073829E-1	-2.187500E-2
-3.530860E-1	-2.421875E-2
-3.958595E-1	-2.617187E-2
-4.409767E-1	-2.851562E-2
-4.855079E-1	-3.085937E-2
-5.259376E-1	-3.281250E-2
-5.634376E-1	-3.437500E-2
-6.009376E-1	-3.632812E-2
-6.378517E-1	-3.789062E-2
-6.718361E-1	-3.945312E-2
-7.028908E-1	-4.101562E-2
-7.304298E-1	-4.218750E-2
-7.532814E-1	-4.296875E-2
-7.691017E-1	-4.375000E-2
-7.831642E-1	-4.453125E-2
-7.931252E-1	-4.492187E-2
-8.019142E-1	-4.492187E-2
-8.083595E-1	-4.531250E-2
-8.124611E-1	-4.531250E-2
-8.159767E-1	-4.570312E-2
-8.183205E-1	-4.570312E-2
-8.194923E-1	-4.531250E-2
-8.171486E-1	-4.531250E-2
-8.095314E-1	-4.492187E-2
-7.960548E-1	-4.414062E-2
-7.773048E-1	-4.296875E-2
-7.556251E-1	-4.218750E-2
-7.304298E-1	-4.062500E-2
-7.023048E-1	-3.945312E-2
-6.735939E-1	-3.789062E-2
-6.401954E-1	-3.632812E-2
-6.026954E-1	-3.437500E-2
-5.628517E-1	-3.281250E-2
-5.224220E-1	-3.046875E-2
-4.819923E-1	-2.851562E-2
-4.398048E-1	-2.617187E-2
-3.923438E-1	-2.421875E-2
-3.407813E-1	-2.148437E-2
-2.868751E-1	-1.875000E-2
-2.335547E-1	-1.601562E-2
-1.808204E-1	-1.367187E-2
-1.304297E-1	-1.132812E-2
-8.296878E-2	-8.984374E-3
-3.609377E-2	-6.640624E-3
9.023422E-3	-4.296875E-3
5.062499E-2	-1.171875E-3
9.808594E-2	2.734375E-3
1.490625E-1	6.640624E-3
2.000391E-1	9.765624E-3
2.504297E-1	1.250000E-2
2.990625E-1	1.523437E-2
3.447657E-1	1.757812E-2
3.892969E-1	1.953125E-2
4.350001E-1	2.187500E-2
4.801173E-1	2.382812E-2
5.211329E-1	2.617187E-2
5.574610E-1	2.812500E-2
5.949610E-1	2.968750E-2
6.312892E-1	3.125000E-2
6.664454E-1	3.320312E-2
6.980860E-1	3.437500E-2
7.273829E-1	3.593750E-2
7.496485E-1	3.671875E-2
7.666407E-1	3.750000E-2
7.801173E-1	3.789062E-2
7.906642E-1	3.867187E-2
7.994532E-1	3.867187E-2
8.053126E-1	3.906250E-2
8.105861E-1	3.906250E-2
8.135157E-1	3.906250E-2
8.164454E-1	3.906250E-2
8.170314E-1	3.906250E-2
8.141017E-1	3.906250E-2
8.064845E-1	3.828125E-2
7.924220E-1	3.750000E-2
7.725001E-1	3.671875E-2
7.502345E-1	3.554687E-2
7.244532E-1	3.398437E-2
6.945704E-1	3.281250E-2
6.641017E-1	3.125000E-2
6.307032E-1	2.929687E-2
5.932032E-1	2.734375E-2
5.545313E-1	2.539062E-2
5.158594E-1	2.343750E-2
4.748438E-1	2.148437E-2
4.320704E-1	1.914062E-2
3.828516E-1	1.679687E-2
3.289454E-1	1.445312E-2
2.750391E-1	1.171875E-2
2.234766E-1	9.374999E-3
1.707422E-1	7.031249E-3
1.203516E-1	4.296875E-3
7.347656E-2	1.953125E-3
2.718749E-2	-3.906250E-4
-1.851564E-2	-3.125000E-3
-6.128909E-2	-5.859374E-3
-1.099219E-1	-9.765624E-3
-1.603125E-1	-1.289062E-2
-2.118751E-1	-1.640625E-2
-2.634376E-1	-1.953125E-2
-3.120704E-1	-2.226562E-2
-3.577735E-1	-2.460937E-2
-4.011329E-1	-2.656250E-2
-4.462501E-1	-2.890625E-2
-4.901954E-1	-3.125000E-2
-5.300392E-1	-3.320312E-2
-5.681251E-1	-3.476562E-2
-6.056251E-1	-3.632812E-2
-6.419533E-1	-3.828125E-2
-6.759376E-1	-3.945312E-2
-7.058204E-1	-4.101562E-2
-7.333595E-1	-4.218750E-2
-7.556251E-1	-4.335937E-2
-7.708595E-1	-4.375000E-2
-7.843361E-1	-4.453125E-2
-7.954689E-1	-4.492187E-2
-8.036720E-1	-4.531250E-2
-8.101173E-1	-4.531250E-2
-8.142189E-1	-4.570312E-2
-8.171486E-1	-4.570312E-2
-8.200783E-1	-4.570312E-2
-8.200783E-1	-4.570312E-2
-8.171486E-1	-4.531250E-2
-8.101173E-1	-4.492187E-2
-7.960548E-1	-4.375000E-2
-7.767189E-1	-4.296875E-2
-7.532814E-1	-4.179687E-2
-7.275001E-1	-4.062500E-2
-6.999611E-1	-3.945312E-2
-6.706642E-1	-3.789062E-2
-6.366798E-1	-3.632812E-2
-5.991798E-1	-3.437500E-2
-5.587501E-1	-3.242187E-2
-5.177345E-1	-3.046875E-2
-4.773048E-1	-2.812500E-2
-4.345313E-1	-2.617187E-2
-3.870704E-1	-2.382812E-2
-3.343360E-1	-2.109375E-2
-2.816016E-1	-1.835937E-2
-2.276954E-1	-1.601562E-2
-1.749610E-1	-1.328125E-2
-1.245704E-1	-1.132812E-2
-7.769534E-2	-8.984374E-3
-2.906252E-2	-6.249999E-3
1.371092E-2	-3.906250E-3
5.648437E-2	-7.812499E-4
1.033594E-1	3.125000E-3
1.543359E-1	7.031249E-3
2.064844E-1	1.015625E-2
2.562891E-1	1.289062E-2
3.049219E-1	1.523437E-2
3.506250E-1	1.757812E-2
3.951563E-1	1.992187E-2
4.408594E-1	2.226562E-2
4.848048E-1	2.421875E-2
5.252344E-1	2.617187E-2
5.621485E-1	2.812500E-2
5.996485E-1	3.007812E-2
6.359767E-1	3.164062E-2
6.705470E-1	3.320312E-2
7.027735E-1	3.476562E-2
7.314845E-1	3.593750E-2
7.525782E-1	3.671875E-2
7.683986E-1	3.750000E-2
7.824611E-1	3.828125E-2
7.924220E-1	3.867187E-2
8.012111E-1	3.867187E-2
8.070704E-1	3.906250E-2
8.117579E-1	3.906250E-2
8.146876E-1	3.906250E-2
8.170314E-1	3.906250E-2
8.170314E-1	3.906250E-2
8.135157E-1	3.867187E-2
8.058986E-1	3.828125E-2
7.918361E-1	3.750000E-2
7.713282E-1	3.671875E-2
7.478907E-1	3.554687E-2
7.215235E-1	3.398437E-2
6.922267E-1	3.242187E-2
6.611720E-1	3.085937E-2
6.271876E-1	2.929687E-2
5.902735E-1	2.734375E-2
5.510157E-1	2.539062E-2
5.117579E-1	2.343750E-2
4.707423E-1	2.109375E-2
4.279688E-1	1.914062E-2
3.787500E-1	1.679687E-2
3.242579E-1	1.406250E-2
2.709375E-1	1.171875E-2
2.182031E-1	9.374999E-3
1.660547E-1	6.640624E-3
1.156641E-1	4.296875E-3
6.937500E-2	1.562500E-3
2.308592E-2	-7.812499E-4
-2.203127E-2	-3.125000E-3
-6.480472E-2	-6.249999E-3
-1.140235E-1	-9.765624E-3
-1.650000E-1	-1.328125E-2
-2.165626E-1	-1.640625E-2
-2.675391E-1	-1.953125E-2
-3.161719E-1	-2.226562E-2
-3.612891E-1	-2.460937E-2
-4.046485E-1	-2.656250E-2
-4.497657E-1	-2.890625E-2
-4.931251E-1	-3.125000E-2
-5.329689E-1	-3.320312E-2
-5.716407E-1	-3.515625E-2
-6.091407E-1	-3.671875E-2
-6.442970E-1	-3.828125E-2
-6.782814E-1	-3.984375E-2
-7.087501E-1	-4.101562E-2
-7.357033E-1	-4.218750E-2
-7.567970E-1	-4.335937E-2
-7.720314E-1	-4.375000E-2
-7.849220E-1	-4.453125E-2
-7.954689E-1	-4.492187E-2
-8.036720E-1	-4.531250E-2
-8.095314E-1	-4.531250E-2
-8.142189E-1	-4.531250E-2
-8.177345E-1	-4.570312E-2
-8.200783E-1	-4.570312E-2
-8.206642E-1	-4.531250E-2
-8.171486E-1	-4.531250E-2
-8.083595E-1	-4.453125E-2
-7.937111E-1	-4.375000E-2
-7.737892E-1	-4.296875E-2
-7.515236E-1	-4.179687E-2
-7.251564E-1	-4.023437E-2
-6.970314E-1	-3.906250E-2
-6.677345E-1	-3.750000E-2
-6.331642E-1	-3.593750E-2
-5.956642E-1	-3.437500E-2
-5.552345E-1	-3.242187E-2
-5.142189E-1	-3.007812E-2
-4.737892E-1	-2.812500E-2
-4.304298E-1	-2.578125E-2
-3.823829E-1	-2.343750E-2
-3.290626E-1	-2.109375E-2
-2.757423E-1	-1.835937E-2
-2.224219E-1	-1.562500E-2
-1.708594E-1	-1.289062E-2
-1.210547E-1	-1.093750E-2
-7.359378E-2	-8.593749E-3
-2.671877E-2	-6.249999E-3
1.664061E-2	-3.515625E-3
5.941406E-2	-3.906250E-4
1.068750E-1	3.515625E-3
1.584375E-1	7.031249E-3
2.094141E-1	1.015625E-2
2.598047E-1	1.289062E-2
3.078516E-1	1.562500E-2
3.529688E-1	1.796875E-2
3.969141E-1	1.992187E-2
4.426172E-1	2.226562E-2
4.865626E-1	2.421875E-2
5.269923E-1	2.617187E-2
5.639063E-1	2.812500E-2
6.008204E-1	3.007812E-2
6.371485E-1	3.164062E-2
6.717188E-1	3.320312E-2
7.027735E-1	3.476562E-2
7.303126E-1	3.593750E-2
7.519923E-1	3.710937E-2
7.683986E-1	3.750000E-2
7.807032E-1	3.828125E-2
7.912501E-1	3.867187E-2
7.994532E-1	3.867187E-2
8.058986E-1	3.906250E-2
8.100001E-1	3.906250E-2
8.129298E-1	3.906250E-2
8.158595E-1	3.906250E-2
8.158595E-1	3.906250E-2
8.117579E-1	3.906250E-2
8.017970E-1	3.828125E-2
7.871486E-1	3.750000E-2
7.678126E-1	3.632812E-2
7.443751E-1	3.515625E-2
7.174220E-1	3.398437E-2
6.887110E-1	3.242187E-2
6.576563E-1	3.085937E-2
6.230860E-1	2.929687E-2
5.861720E-1	2.734375E-2
5.480860E-1	2.500000E-2
5.082423E-1	2.304687E-2
4.678126E-1	2.109375E-2
4.238672E-1	1.875000E-2
3.734766E-1	1.640625E-2
3.195704E-1	1.367187E-2
2.656641E-1	1.132812E-2
2.135156E-1	8.984374E-3
1.619531E-1	6.640624E-3
1.115625E-1	3.906250E-3
6.527343E-2	1.562500E-3
1.898436E-2	-7.812499E-4
-2.554690E-2	-3.125000E-3
-6.949222E-2	-6.640624E-3
-1.187110E-1	-1.015625E-2
-1.691016E-1	-1.367187E-2
-2.200782E-1	-1.679687E-2
-2.722266E-1	-1.992187E-2
-3.208594E-1	-2.265625E-2
-3.653907E-1	-2.500000E-2
-4.069923E-1	-2.695312E-2
-4.532813E-1	-2.929687E-2
-4.966407E-1	-3.125000E-2
-5.358985E-1	-3.359375E-2
-5.739845E-1	-3.515625E-2
-6.108986E-1	-3.671875E-2
-6.466408E-1	-3.828125E-2
-6.794533E-1	-3.984375E-2
-7.099220E-1	-4.101562E-2
-7.368751E-1	-4.218750E-2
-7.567970E-1	-4.335937E-2
-7.714455E-1	-4.414062E-2
-7.843361E-1	-4.453125E-2
-7.954689E-1	-4.492187E-2
-8.036720E-1	-4.531250E-2
-8.095314E-1	-4.531250E-2
-8.136330E-1	-4.570312E-2
-8.171486E-1	-4.570312E-2
-8.189064E-1	-4.570312E-2
-8.194923E-1	-4.570312E-2
-8.159767E-1	-4.531250E-2
-8.066017E-1	-4.453125E-2
-7.913673E-1	-4.375000E-2
-7.708595E-1	-4.296875E-2
-7.485939E-1	-4.140625E-2
-7.222267E-1	-4.023437E-2
-6.946876E-1	-3.906250E-2
-6.648048E-1	-3.750000E-2
-6.296486E-1	-3.593750E-2
-5.915626E-1	-3.398437E-2
-5.511329E-1	-3.203125E-2
-5.107032E-1	-3.007812E-2
-4.702735E-1	-2.773437E-2
-4.263282E-1	-2.578125E-2
-3.788673E-1	-2.343750E-2
-3.255469E-1	-2.070312E-2
-2.716407E-1	-1.796875E-2
-2.177344E-1	-1.562500E-2
-1.661719E-1	-1.289062E-2
-1.163672E-1	-1.093750E-2
-6.890628E-2	-8.203124E-3
-2.203127E-2	-5.859374E-3
2.191405E-2	-3.515625E-3
6.468749E-2	0.000000E+0
1.121484E-1	3.906250E-3
1.637109E-1	7.421874E-3
2.146875E-1	1.054687E-2
2.644922E-1	1.328125E-2
3.125391E-1	1.562500E-2
3.570704E-1	1.796875E-2
4.021876E-1	2.031250E-2
4.478907E-1	2.226562E-2
4.918360E-1	2.460937E-2
5.316798E-1	2.656250E-2
5.685938E-1	2.851562E-2
6.055079E-1	3.007812E-2
6.406642E-1	3.164062E-2
6.758204E-1	3.320312E-2
7.074610E-1	3.476562E-2
7.344142E-1	3.593750E-2
7.549220E-1	3.710937E-2
7.701564E-1	3.789062E-2
7.830470E-1	3.828125E-2
7.930079E-1	3.867187E-2
8.012111E-1	3.906250E-2
8.064845E-1	3.906250E-2
8.105861E-1	3.906250E-2
8.135157E-1	3.906250E-2
8.158595E-1	3.906250E-2
8.158595E-1	3.906250E-2
8.117579E-1	3.867187E-2
8.017970E-1	3.828125E-2
7.859767E-1	3.750000E-2
7.654689E-1	3.632812E-2
7.420314E-1	3.515625E-2
7.150782E-1	3.359375E-2
6.857814E-1	3.242187E-2
6.547267E-1	3.085937E-2
6.201563E-1	2.890625E-2
5.820704E-1	2.695312E-2
5.439845E-1	2.500000E-2
5.035548E-1	2.304687E-2
4.625391E-1	2.109375E-2
4.185938E-1	1.875000E-2
3.687891E-1	1.640625E-2
3.148828E-1	1.367187E-2
2.609766E-1	1.132812E-2
2.082422E-1	8.593749E-3
1.560938E-1	6.249999E-3
1.062891E-1	3.906250E-3
6.058593E-2	1.171875E-3
1.371092E-2	-1.171875E-3
-2.906252E-2	-3.515625E-3
-7.476565E-2	-7.031249E-3
-1.239844E-1	-1.054687E-2
-1.749610E-1	-1.406250E-2
-2.259376E-1	-1.718750E-2
-2.775001E-1	-2.031250E-2
-3.255469E-1	-2.265625E-2
-3.694923E-1	-2.500000E-2
-4.122657E-1	-2.695312E-2
-4.579688E-1	-2.929687E-2
-5.013282E-1	-3.164062E-2
-5.405860E-1	-3.359375E-2
-5.780861E-1	-3.515625E-2
-6.150001E-1	-3.671875E-2
-6.507423E-1	-3.867187E-2
-6.829689E-1	-3.984375E-2
-7.134376E-1	-4.140625E-2
-7.398048E-1	-4.257812E-2
-7.591408E-1	-4.335937E-2
-7.743751E-1	-4.375000E-2
-7.872658E-1	-4.453125E-2
-7.966408E-1	-4.492187E-2
-8.048439E-1	-4.531250E-2
-8.101173E-1	-4.531250E-2
-8.142189E-1	-4.570312E-2
-8.171486E-1	-4.570312E-2
-8.194923E-1	-4.570312E-2
-8.200783E-1	-4.531250E-2
-8.153908E-1	-4.531250E-2
-8.060158E-1	-4.453125E-2
-7.901955E-1	-4.375000E-2
-7.691017E-1	-4.257812E-2
-7.462501E-1	-4.140625E-2
-7.204689E-1	-4.023437E-2
-6.917579E-1	-3.867187E-2
-6.607033E-1	-3.710937E-2
-6.255470E-1	-3.554687E-2
-5.862892E-1	-3.359375E-2
-5.464454E-1	-3.164062E-2
-5.066017E-1	-2.968750E-2
-4.661720E-1	-2.734375E-2
-4.210548E-1	-2.539062E-2
-3.724220E-1	-2.304687E-2
-3.196876E-1	-2.031250E-2
-2.651954E-1	-1.757812E-2
-2.124610E-1	-1.484375E-2
-1.603125E-1	-1.250000E-2
-1.116797E-1	-1.054687E-2
-6.421878E-2	-8.203124E-3
-1.734377E-2	-5.859374E-3
2.542968E-2	-3.125000E-3
6.937500E-2	3.906250E-4
1.174219E-1	4.296875E-3
1.689844E-1	7.812499E-3
2.211328E-1	1.093750E-2
2.703516E-1	1.367187E-2
3.178125E-1	1.601562E-2
3.617579E-1	1.835937E-2
4.062891E-1	2.031250E-2
4.519922E-1	2.265625E-2
4.953516E-1	2.460937E-2
5.346094E-1	2.695312E-2
5.715235E-1	2.851562E-2
6.084376E-1	3.046875E-2
6.447657E-1	3.203125E-2
6.787501E-1	3.359375E-2
7.098048E-1	3.515625E-2
7.361720E-1	3.632812E-2
7.555079E-1	3.710937E-2
7.707423E-1	3.789062E-2
7.830470E-1	3.828125E-2
7.935939E-1	3.867187E-2
8.006251E-1	3.906250E-2
8.064845E-1	3.906250E-2
8.105861E-1	3.906250E-2
8.135157E-1	3.906250E-2
8.152736E-1	3.906250E-2
8.146876E-1	3.906250E-2
8.100001E-1	3.867187E-2
7.994532E-1	3.828125E-2
7.836329E-1	3.750000E-2
7.631251E-1	3.632812E-2
7.391017E-1	3.515625E-2
7.121485E-1	3.359375E-2
6.828517E-1	3.203125E-2
6.512110E-1	3.046875E-2
6.160548E-1	2.890625E-2
5.779688E-1	2.695312E-2
5.398829E-1	2.460937E-2
5.000391E-1	2.265625E-2
4.584376E-1	2.070312E-2
4.139063E-1	1.835937E-2
3.635157E-1	1.601562E-2
3.090235E-1	1.328125E-2
2.557032E-1	1.093750E-2
2.041406E-1	8.593749E-3
1.525781E-1	5.859374E-3
1.033594E-1	3.515625E-3
5.707031E-2	7.812499E-4
1.019530E-2	-1.562500E-3
-3.316408E-2	-3.906250E-3
-7.886722E-2	-7.031249E-3
-1.275000E-1	-1.093750E-2
-1.784766E-1	-1.406250E-2
-2.294532E-1	-1.718750E-2
-2.810157E-1	-2.031250E-2
-3.284766E-1	-2.304687E-2
-3.730079E-1	-2.500000E-2
-4.157813E-1	-2.734375E-2
-4.620704E-1	-2.968750E-2
-5.042579E-1	-3.164062E-2
-5.423439E-1	-3.359375E-2
-5.798439E-1	-3.554687E-2
-6.173439E-1	-3.710937E-2
-6.530861E-1	-3.867187E-2
-6.853126E-1	-4.023437E-2
-7.157814E-1	-4.140625E-2
-7.403908E-1	-4.257812E-2
-7.597267E-1	-4.335937E-2
-7.743751E-1	-4.414062E-2
-7.872658E-1	-4.453125E-2
-7.972267E-1	-4.492187E-2
-8.048439E-1	-4.531250E-2
-8.101173E-1	-4.531250E-2
-8.136330E-1	-4.570312E-2
-8.165627E-1	-4.570312E-2
-8.189064E-1	-4.570312E-2
-8.194923E-1	-4.531250E-2
-8.142189E-1	-4.492187E-2
-8.042580E-1	-4.453125E-2
-7.878517E-1	-4.375000E-2
-7.673439E-1	-4.257812E-2
-7.433205E-1	-4.140625E-2
-7.169533E-1	-3.984375E-2
-6.882423E-1	-3.867187E-2
-6.577736E-1	-3.710937E-2
-6.214454E-1	-3.554687E-2
-5.833595E-1	-3.359375E-2
-5.423439E-1	-3.164062E-2
-5.025001E-1	-2.929687E-2
-4.626563E-1	-2.734375E-2
-4.175392E-1	-2.539062E-2
-3.683204E-1	-2.265625E-2
-3.144141E-1	-2.031250E-2
-2.599219E-1	-1.757812E-2
-2.066016E-1	-1.484375E-2
-1.562110E-1	-1.250000E-2
-1.069922E-1	-1.015625E-2
-5.953128E-2	-7.812499E-3
-1.265627E-2	-5.468749E-3
2.953124E-2	-2.734375E-3
7.347656E-2	7.812499E-4
1.226953E-1	4.687500E-3
1.742578E-1	8.203124E-3
2.258203E-1	1.132812E-2
2.750391E-1	1.367187E-2
3.219141E-1	1.640625E-2
3.658594E-1	1.835937E-2
4.098047E-1	2.070312E-2
4.560938E-1	2.265625E-2
4.994532E-1	2.500000E-2
5.381251E-1	2.695312E-2
5.750391E-1	2.890625E-2
6.113673E-1	3.046875E-2
6.471095E-1	3.203125E-2
6.816798E-1	3.359375E-2
7.115626E-1	3.515625E-2
7.385157E-1	3.632812E-2
7.572657E-1	3.710937E-2
7.719142E-1	3.789062E-2
7.848048E-1	3.828125E-2
7.941798E-1	3.867187E-2
8.017970E-1	3.867187E-2
8.070704E-1	3.906250E-2
8.105861E-1	3.906250E-2
8.135157E-1	3.906250E-2
8.158595E-1	3.906250E-2
8.152736E-1	3.906250E-2
8.088282E-1	3.867187E-2
7.982814E-1	3.789062E-2
7.812892E-1	3.710937E-2
7.607814E-1	3.593750E-2
7.361720E-1	3.476562E-2
7.092189E-1	3.320312E-2
6.799220E-1	3.203125E-2
6.476954E-1	3.007812E-2
6.119532E-1	2.851562E-2
5.744532E-1	2.656250E-2
5.363673E-1	2.460937E-2
4.965235E-1	2.265625E-2
4.555079E-1	2.070312E-2
4.103907E-1	1.835937E-2
3.594141E-1	1.562500E-2
3.049219E-1	1.328125E-2
2.521875E-1	1.054687E-2
2.000391E-1	8.203124E-3
1.484766E-1	5.859374E-3
9.925781E-2	3.125000E-3
5.296874E-2	7.812499E-4
6.679672E-3	-1.562500E-3
-3.609377E-2	-4.296875E-3
-8.179691E-2	-7.421874E-3
-1.310157E-1	-1.132812E-2
-1.825782E-1	-1.445312E-2
-2.347266E-1	-1.757812E-2
-2.857032E-1	-2.070312E-2
-3.319923E-1	-2.304687E-2
-3.759376E-1	-2.539062E-2
-4.192970E-1	-2.734375E-2
-4.650001E-1	-2.968750E-2
-5.077735E-1	-3.203125E-2
-5.458595E-1	-3.398437E-2
-5.833595E-1	-3.554687E-2
-6.202736E-1	-3.710937E-2
-6.560158E-1	-3.867187E-2
-6.870704E-1	-4.023437E-2
-7.175392E-1	-4.140625E-2
-7.427345E-1	-4.257812E-2
-7.614845E-1	-4.335937E-2
-7.755470E-1	-4.414062E-2
-7.872658E-1	-4.453125E-2
-7.978127E-1	-4.492187E-2
-8.054298E-1	-4.531250E-2
-8.112892E-1	-4.531250E-2
-8.148048E-1	-4.531250E-2
-8.171486E-1	-4.570312E-2
-8.189064E-1	-4.570312E-2
-8.189064E-1	-4.531250E-2
-8.130470E-1	-4.492187E-2
-8.019142E-1	-4.453125E-2
-7.855080E-1	-4.335937E-2
-7.650001E-1	-4.257812E-2
-7.409767E-1	-4.140625E-2
-7.146095E-1	-3.984375E-2
-6.864845E-1	-3.867187E-2
-6.554298E-1	-3.710937E-2
-6.191017E-1	-3.515625E-2
-5.798439E-1	-3.359375E-2
-5.388282E-1	-3.125000E-2
-4.995704E-1	-2.929687E-2
-4.591407E-1	-2.695312E-2
-4.134376E-1	-2.500000E-2
-3.636329E-1	-2.265625E-2
-3.097266E-1	-1.992187E-2
-2.558204E-1	-1.718750E-2
-2.025001E-1	-1.445312E-2
-1.503516E-1	-1.210937E-2
-1.028907E-1	-1.015625E-2
-5.484378E-2	-7.812499E-3
-8.554706E-3	-5.078124E-3
3.363280E-2	-2.343750E-3
7.816406E-2	1.171875E-3
1.273828E-1	5.078124E-3
1.789453E-1	8.593749E-3
2.310938E-1	1.132812E-2
2.797266E-1	1.406250E-2
3.266016E-1	1.640625E-2
3.699610E-1	1.875000E-2
4.150782E-1	2.070312E-2
4.601954E-1	2.304687E-2
5.035548E-1	2.500000E-2
5.416407E-1	2.695312E-2
5.779688E-1	2.890625E-2
6.154688E-1	3.085937E-2
6.506251E-1	3.242187E-2
6.846095E-1	3.398437E-2
7.150782E-1	3.515625E-2
7.408595E-1	3.632812E-2
7.596095E-1	3.710937E-2
7.736720E-1	3.789062E-2
7.859767E-1	3.828125E-2
7.959376E-1	3.867187E-2
8.029689E-1	3.906250E-2
8.082423E-1	3.906250E-2
8.117579E-1	3.906250E-2
8.141017E-1	3.906250E-2
8.158595E-1	3.906250E-2
8.146876E-1	3.906250E-2
8.082423E-1	3.867187E-2
7.971095E-1	3.789062E-2
7.801173E-1	3.710937E-2
7.584376E-1	3.593750E-2
7.344142E-1	3.476562E-2
7.062892E-1	3.320312E-2
6.775782E-1	3.203125E-2
6.447657E-1	3.007812E-2
6.096095E-1	2.851562E-2
5.709376E-1	2.656250E-2
5.328516E-1	2.421875E-2
4.930079E-1	2.226562E-2
4.514063E-1	2.031250E-2
4.051172E-1	1.796875E-2
3.535547E-1	1.562500E-2
2.990625E-1	1.289062E-2
2.463282E-1	1.054687E-2
1.935938E-1	7.812499E-3
1.426172E-1	5.468749E-3
9.398437E-2	3.125000E-3
4.828124E-2	3.906250E-4
1.992171E-3	-1.953125E-3
-4.136721E-2	-4.296875E-3
-8.765628E-2	-7.812499E-3
-1.374610E-1	-1.132812E-2
-1.884375E-1	-1.484375E-2
-2.394141E-1	-1.796875E-2
-2.903907E-1	-2.109375E-2
-3.378516E-1	-2.343750E-2
-3.812110E-1	-2.578125E-2
-4.251563E-1	-2.773437E-2
-4.708595E-1	-3.007812E-2
-5.130470E-1	-3.242187E-2
-5.517189E-1	-3.398437E-2
-5.886329E-1	-3.593750E-2
-6.249611E-1	-3.750000E-2
-6.601173E-1	-3.906250E-2
-6.917579E-1	-4.023437E-2
-7.210548E-1	-4.179687E-2
-7.462501E-1	-4.257812E-2
-7.638283E-1	-4.375000E-2
-7.773048E-1	-4.414062E-2
-7.896095E-1	-4.453125E-2
-7.995705E-1	-4.492187E-2
-8.066017E-1	-4.531250E-2
-8.112892E-1	-4.531250E-2
-8.153908E-1	-4.570312E-2
-8.177345E-1	-4.570312E-2
-8.200783E-1	-4.570312E-2
-8.189064E-1	-4.531250E-2
-8.130470E-1	-4.492187E-2
-8.013283E-1	-4.414062E-2
-7.843361E-1	-4.335937E-2
-7.626564E-1	-4.218750E-2
-7.380470E-1	-4.101562E-2
-7.116798E-1	-3.984375E-2
-6.829689E-1	-3.828125E-2
-6.519142E-1	-3.671875E-2
-6.144142E-1	-3.515625E-2
-5.751564E-1	-3.320312E-2
-5.347267E-1	-3.125000E-2
-4.942970E-1	-2.890625E-2
-4.544532E-1	-2.695312E-2
-4.075782E-1	-2.500000E-2
-3.577735E-1	-2.226562E-2
-3.044532E-1	-1.953125E-2
-2.505469E-1	-1.718750E-2
-1.966407E-1	-1.445312E-2
-1.456641E-1	-1.210937E-2
-9.820316E-2	-9.765624E-3
-5.015628E-2	-7.421874E-3
-3.281267E-3	-5.078124E-3
3.832030E-2	-2.343750E-3
8.343750E-2	1.562500E-3
1.332422E-1	5.468749E-3
1.848047E-1	8.984374E-3
2.363672E-1	1.171875E-2
2.850000E-1	1.445312E-2
3.318750E-1	1.679687E-2
3.752344E-1	1.914062E-2
4.203516E-1	2.109375E-2
4.648829E-1	2.343750E-2
5.082423E-1	2.539062E-2
5.469141E-1	2.734375E-2
5.838282E-1	2.929687E-2
6.201563E-1	3.085937E-2
6.547267E-1	3.242187E-2
6.875392E-1	3.398437E-2
7.174220E-1	3.554687E-2
7.426173E-1	3.671875E-2
7.607814E-1	3.750000E-2
7.754298E-1	3.789062E-2
7.871486E-1	3.828125E-2
7.965236E-1	3.867187E-2
8.029689E-1	3.867187E-2
8.088282E-1	3.906250E-2
8.117579E-1	3.906250E-2
8.146876E-1	3.906250E-2
8.164454E-1	3.906250E-2
8.152736E-1	3.906250E-2
8.094142E-1	3.867187E-2
7.971095E-1	3.789062E-2
7.795314E-1	3.710937E-2
7.578517E-1	3.593750E-2
7.326564E-1	3.476562E-2
7.051173E-1	3.320312E-2
6.752345E-1	3.164062E-2
6.424220E-1	3.007812E-2
6.060938E-1	2.812500E-2
5.674220E-1	2.617187E-2
5.287501E-1	2.421875E-2
4.889063E-1	2.226562E-2
4.473047E-1	2.031250E-2
4.004297E-1	1.796875E-2
3.476954E-1	1.523437E-2
2.926172E-1	1.250000E-2
2.398828E-1	1.015625E-2
1.877344E-1	7.812499E-3
1.367578E-1	5.078124E-3
8.812500E-2	2.734375E-3
4.300780E-2	3.906250E-4
-4.453142E-3	-1.953125E-3
-4.664065E-2	-4.687500E-3
-9.410160E-2	-8.593749E-3
-1.433204E-1	-1.171875E-2
-1.948829E-1	-1.523437E-2
-2.464454E-1	-1.835937E-2
-2.962501E-1	-2.109375E-2
-3.431251E-1	-2.382812E-2
-3.864845E-1	-2.578125E-2
-4.304298E-1	-2.812500E-2
-4.761329E-1	-3.046875E-2
-5.171485E-1	-3.242187E-2
-5.558204E-1	-3.437500E-2
-5.933204E-1	-3.593750E-2
-6.302345E-1	-3.750000E-2
-6.648048E-1	-3.906250E-2
-6.958595E-1	-4.062500E-2
-7.251564E-1	-4.179687E-2
-7.491798E-1	-4.296875E-2
-7.661720E-1	-4.375000E-2
-7.802345E-1	-4.414062E-2
-7.913673E-1	-4.453125E-2
-8.001564E-1	-4.492187E-2
-8.077736E-1	-4.531250E-2
-8.124611E-1	-4.531250E-2
-8.159767E-1	-4.531250E-2
-8.189064E-1	-4.570312E-2
-8.200783E-1	-4.570312E-2
-8.194923E-1	-4.531250E-2
-8.130470E-1	-4.492187E-2
-8.013283E-1	-4.453125E-2
-7.837502E-1	-4.335937E-2
-7.620705E-1	-4.218750E-2
-7.368751E-1	-4.101562E-2
-7.093361E-1	-3.984375E-2
-6.812111E-1	-3.828125E-2
-6.483986E-1	-3.671875E-2
-6.103126E-1	-3.476562E-2
-5.710548E-1	-3.281250E-2
-5.300392E-1	-3.085937E-2
-4.901954E-1	-2.890625E-2
-4.491798E-1	-2.695312E-2
-4.028907E-1	-2.460937E-2
-3.519141E-1	-2.226562E-2
-2.980079E-1	-1.953125E-2
-2.435157E-1	-1.679687E-2
-1.901954E-1	-1.406250E-2
-1.398047E-1	-1.171875E-2
-9.175784E-2	-9.374999E-3
-4.429690E-2	-7.031249E-3
8.202960E-4	-4.687500E-3
4.242187E-2	-1.953125E-3
8.812500E-2	1.953125E-3
1.379297E-1	5.859374E-3
1.900781E-1	9.374999E-3
2.416406E-1	1.210937E-2
2.908594E-1	1.445312E-2
3.371485E-1	1.679687E-2
3.799219E-1	1.914062E-2
4.250391E-1	2.148437E-2
4.707423E-1	2.343750E-2
5.129298E-1	2.578125E-2
5.504298E-1	2.773437E-2
5.879298E-1	2.929687E-2
6.242579E-1	3.125000E-2
6.588282E-1	3.242187E-2
6.922267E-1	3.437500E-2
7.226954E-1	3.554687E-2
7.461329E-1	3.671875E-2
7.637111E-1	3.750000E-2
7.777736E-1	3.789062E-2
7.894923E-1	3.867187E-2
7.982814E-1	3.867187E-2
8.053126E-1	3.906250E-2
8.094142E-1	3.906250E-2
8.129298E-1	3.906250E-2
8.152736E-1	3.945312E-2
8.170314E-1	3.906250E-2
8.158595E-1	3.906250E-2
8.088282E-1	3.867187E-2
7.959376E-1	3.789062E-2
7.777736E-1	3.710937E-2
7.560939E-1	3.593750E-2
7.308985E-1	3.437500E-2
7.021876E-1	3.320312E-2
6.717188E-1	3.164062E-2
6.389063E-1	2.968750E-2
6.025782E-1	2.812500E-2
5.639063E-1	2.617187E-2
5.252344E-1	2.382812E-2
4.848048E-1	2.187500E-2
4.426172E-1	1.992187E-2
3.951563E-1	1.757812E-2
3.424219E-1	1.484375E-2
2.879297E-1	1.250000E-2
2.351953E-1	9.765624E-3
1.824610E-1	7.421874E-3
1.314844E-1	5.078124E-3
8.460937E-2	2.343750E-3
3.832030E-2	0.000000E+0
-7.968768E-3	-2.343750E-3
-5.015628E-2	-5.078124E-3
-9.820316E-2	-8.593749E-3
-1.485938E-1	-1.210937E-2
-1.995704E-1	-1.523437E-2
-2.517188E-1	-1.875000E-2
-3.015235E-1	-2.148437E-2
-3.472266E-1	-2.382812E-2
-3.900001E-1	-2.617187E-2
-4.351173E-1	-2.812500E-2
-4.802345E-1	-3.046875E-2
-5.206642E-1	-3.242187E-2
-5.599220E-1	-3.437500E-2
-5.956642E-1	-3.593750E-2
-6.319923E-1	-3.750000E-2
-6.659767E-1	-3.906250E-2
-6.970314E-1	-4.062500E-2
-7.263283E-1	-4.179687E-2
-7.503517E-1	-4.296875E-2
-7.673439E-1	-4.375000E-2
-7.808205E-1	-4.414062E-2
-7.931252E-1	-4.453125E-2
-8.019142E-1	-4.492187E-2
-8.083595E-1	-4.531250E-2
-8.136330E-1	-4.531250E-2
-8.165627E-1	-4.531250E-2
-8.194923E-1	-4.570312E-2
-8.206642E-1	-4.531250E-2
-8.189064E-1	-4.531250E-2
-8.118752E-1	-4.492187E-2
-7.983986E-1	-4.414062E-2
-7.808205E-1	-4.335937E-2
-7.585548E-1	-4.218750E-2
-7.339455E-1	-4.062500E-2
-7.058204E-1	-3.945312E-2
-6.776954E-1	-3.789062E-2
-6.454689E-1	-3.632812E-2
-6.079689E-1	-3.476562E-2
-5.681251E-1	-3.281250E-2
-5.265235E-1	-3.046875E-2
-4.860938E-1	-2.851562E-2
-4.444923E-1	-2.656250E-2
-3.976173E-1	-2.421875E-2
-3.466407E-1	-2.187500E-2
-2.927344E-1	-1.914062E-2
-2.388282E-1	-1.640625E-2
-1.860938E-1	-1.367187E-2
-1.362891E-1	-1.171875E-2
-8.824222E-2	-9.374999E-3
-4.078127E-2	-7.031249E-3
4.335922E-3	-4.296875E-3
4.652343E-2	-1.562500E-3
