X (Volt)	Y (Volt)
1.091406E-2	-1.591797E-2
2.036719E-2	-9.472657E-3
2.939062E-2	-3.027344E-3
3.884375E-2	3.417969E-3
4.829687E-2	1.035156E-2
5.860937E-2	1.728516E-2
6.935156E-2	2.421875E-2
8.052344E-2	3.095703E-2
9.470313E-2	3.750000E-2
1.093125E-1	4.345703E-2
1.239219E-1	4.882813E-2
1.372422E-1	5.322266E-2
1.501328E-1	5.712891E-2
1.621641E-1	6.035157E-2
1.711875E-1	6.308594E-2
1.793516E-1	6.533204E-2
1.849375E-1	6.699219E-2
1.900938E-1	6.835938E-2
1.935313E-1	6.943360E-2
1.969688E-1	7.021485E-2
1.995469E-1	7.080079E-2
2.008359E-1	7.119141E-2
2.021250E-1	7.148438E-2
2.034141E-1	7.158204E-2
2.038438E-1	7.167969E-2
2.025547E-1	7.148438E-2
2.004063E-1	7.119141E-2
1.961094E-1	7.060547E-2
1.909531E-1	7.001954E-2
1.857969E-1	6.923829E-2
1.793516E-1	6.826172E-2
1.724766E-1	6.728516E-2
1.651719E-1	6.630860E-2
1.570078E-1	6.503907E-2
1.466953E-1	6.376954E-2
1.363828E-1	6.230469E-2
1.260703E-1	6.074219E-2
1.157578E-1	5.908203E-2
1.041563E-1	5.722657E-2
9.169531E-2	5.527344E-2
7.923438E-2	5.302735E-2
6.634375E-2	5.058594E-2
5.474219E-2	4.804688E-2
4.314062E-2	4.521485E-2
3.282812E-2	4.218750E-2
2.294531E-2	3.886719E-2
1.392187E-2	3.525391E-2
6.187497E-3	3.115235E-2
-1.976566E-3	2.666016E-2
-9.710941E-3	2.148438E-2
-1.916407E-2	1.572266E-2
-2.861719E-2	9.375001E-3
-3.807032E-2	2.832031E-3
-4.752344E-2	-3.710938E-3
-5.697657E-2	-1.044922E-2
-6.771876E-2	-1.757813E-2
-7.846094E-2	-2.470703E-2
-8.920313E-2	-3.154297E-2
-1.033828E-1	-3.798828E-2
-1.184219E-1	-4.394532E-2
-1.330313E-1	-4.931641E-2
-1.463516E-1	-5.400391E-2
-1.601016E-1	-5.810547E-2
-1.708438E-1	-6.162110E-2
-1.802969E-1	-6.435547E-2
-1.880313E-1	-6.660157E-2
-1.944766E-1	-6.845704E-2
-2.000625E-1	-6.992188E-2
-2.039297E-1	-7.099610E-2
-2.069375E-1	-7.187500E-2
-2.095156E-1	-7.255860E-2
-2.120938E-1	-7.304688E-2
-2.133828E-1	-7.333985E-2
-2.146719E-1	-7.363282E-2
-2.151016E-1	-7.363282E-2
-2.129531E-1	-7.353516E-2
-2.103750E-1	-7.314454E-2
-2.065078E-1	-7.265625E-2
-2.009219E-1	-7.197266E-2
-1.949063E-1	-7.109375E-2
-1.884609E-1	-7.011719E-2
-1.811563E-1	-6.914063E-2
-1.738516E-1	-6.806641E-2
-1.648281E-1	-6.679688E-2
-1.549453E-1	-6.542969E-2
-1.446328E-1	-6.386719E-2
-1.338906E-1	-6.220704E-2
-1.235781E-1	-6.054688E-2
-1.119766E-1	-5.859375E-2
-9.908595E-2	-5.644532E-2
-8.662501E-2	-5.410157E-2
-7.416407E-2	-5.156250E-2
-6.170313E-2	-4.882813E-2
-5.010157E-2	-4.589844E-2
-3.935938E-2	-4.277344E-2
-2.990625E-2	-3.935547E-2
-2.088282E-2	-3.564453E-2
-1.314844E-2	-3.154297E-2
-4.984379E-3	-2.666016E-2
2.749997E-3	-2.128906E-2
1.177343E-2	-1.513672E-2
2.165625E-2	-8.789063E-3
3.025000E-2	-2.343750E-3
3.970312E-2	4.199219E-3
4.958594E-2	1.113281E-2
5.903906E-2	1.806641E-2
7.021094E-2	2.500000E-2
8.181250E-2	3.173828E-2
9.642188E-2	3.818360E-2
1.114609E-1	4.414063E-2
1.265000E-1	4.931641E-2
1.402500E-1	5.380860E-2
1.522813E-1	5.751953E-2
1.634531E-1	6.074219E-2
1.720469E-1	6.337891E-2
1.797813E-1	6.542969E-2
1.853672E-1	6.708985E-2
1.905234E-1	6.845704E-2
1.943906E-1	6.943360E-2
1.978281E-1	7.021485E-2
1.999766E-1	7.070313E-2
2.021250E-1	7.119141E-2
2.034141E-1	7.148438E-2
2.042734E-1	7.158204E-2
2.042734E-1	7.167969E-2
2.021250E-1	7.148438E-2
1.995469E-1	7.109375E-2
1.956797E-1	7.050782E-2
1.913828E-1	6.992188E-2
1.849375E-1	6.914063E-2
1.793516E-1	6.816407E-2
1.720469E-1	6.718750E-2
1.643125E-1	6.611329E-2
1.552891E-1	6.494141E-2
1.458359E-1	6.357422E-2
1.359531E-1	6.210938E-2
1.256406E-1	6.054688E-2
1.157578E-1	5.888672E-2
1.032969E-1	5.703125E-2
9.083594E-2	5.498047E-2
7.794531E-2	5.273438E-2
6.548437E-2	5.029297E-2
5.388281E-2	4.765625E-2
4.228125E-2	4.482422E-2
3.196875E-2	4.179688E-2
2.208594E-2	3.847656E-2
1.306250E-2	3.476563E-2
5.328122E-3	3.066406E-2
-2.835941E-3	2.597656E-2
-1.057032E-2	2.080078E-2
-1.916407E-2	1.484375E-2
-2.861719E-2	8.593751E-3
-3.892969E-2	1.953125E-3
-4.795313E-2	-4.492188E-3
-5.869532E-2	-1.132813E-2
-6.943751E-2	-1.845703E-2
-8.017969E-2	-2.558594E-2
-9.092188E-2	-3.242188E-2
-1.055313E-1	-3.876953E-2
-1.210000E-1	-4.482422E-2
-1.347500E-1	-5.009766E-2
-1.485000E-1	-5.468750E-2
-1.613906E-1	-5.869141E-2
-1.721328E-1	-6.201172E-2
-1.820156E-1	-6.474610E-2
-1.897500E-1	-6.699219E-2
-1.957656E-1	-6.875000E-2
-2.000625E-1	-7.011719E-2
-2.039297E-1	-7.119141E-2
-2.069375E-1	-7.207032E-2
-2.095156E-1	-7.265625E-2
-2.116641E-1	-7.314454E-2
-2.138125E-1	-7.353516E-2
-2.146719E-1	-7.373047E-2
-2.146719E-1	-7.382813E-2
-2.138125E-1	-7.363282E-2
-2.108047E-1	-7.324219E-2
-2.065078E-1	-7.265625E-2
-2.004922E-1	-7.197266E-2
-1.949063E-1	-7.109375E-2
-1.884609E-1	-7.011719E-2
-1.807266E-1	-6.914063E-2
-1.725625E-1	-6.796875E-2
-1.639688E-1	-6.669922E-2
-1.532266E-1	-6.533204E-2
-1.437734E-1	-6.376954E-2
-1.338906E-1	-6.210938E-2
-1.231484E-1	-6.035157E-2
-1.119766E-1	-5.839844E-2
-9.822657E-2	-5.625000E-2
-8.490626E-2	-5.380860E-2
-7.287501E-2	-5.126953E-2
-6.041407E-2	-4.853516E-2
-4.838282E-2	-4.560547E-2
-3.807032E-2	-4.238282E-2
-2.861719E-2	-3.896485E-2
-1.959375E-2	-3.525391E-2
-1.228907E-2	-3.105469E-2
-4.554691E-3	-2.607422E-2
4.039059E-3	-2.060547E-2
1.306250E-2	-1.435547E-2
2.251562E-2	-8.007813E-3
3.239844E-2	-1.562500E-3
4.099219E-2	5.078125E-3
5.087500E-2	1.201172E-2
6.075781E-2	1.894531E-2
7.150000E-2	2.587891E-2
8.353125E-2	3.251953E-2
9.814063E-2	3.896485E-2
1.131797E-1	4.482422E-2
1.277891E-1	4.990235E-2
1.411094E-1	5.419922E-2
1.535703E-1	5.791016E-2
1.651719E-1	6.103516E-2
1.737656E-1	6.357422E-2
1.810703E-1	6.562500E-2
1.866563E-1	6.728516E-2
1.905234E-1	6.855469E-2
1.948203E-1	6.953125E-2
1.973984E-1	7.021485E-2
1.995469E-1	7.080079E-2
2.016953E-1	7.119141E-2
2.034141E-1	7.138672E-2
2.042734E-1	7.148438E-2
2.042734E-1	7.148438E-2
2.021250E-1	7.128907E-2
1.986875E-1	7.099610E-2
1.948203E-1	7.041016E-2
1.892344E-1	6.972657E-2
1.836484E-1	6.894532E-2
1.780625E-1	6.796875E-2
1.711875E-1	6.699219E-2
1.630234E-1	6.601563E-2
1.544297E-1	6.474610E-2
1.454063E-1	6.337891E-2
1.350938E-1	6.191407E-2
1.247813E-1	6.035157E-2
1.136094E-1	5.869141E-2
1.020078E-1	5.683594E-2
8.954688E-2	5.478516E-2
7.708594E-2	5.253907E-2
6.462500E-2	5.009766E-2
5.259375E-2	4.746094E-2
4.185156E-2	4.462891E-2
3.110937E-2	4.150391E-2
2.208594E-2	3.828125E-2
1.349218E-2	3.457031E-2
4.898434E-3	3.037110E-2
-3.265628E-3	2.578125E-2
-1.142969E-2	2.041016E-2
-2.088282E-2	1.445313E-2
-3.033594E-2	8.105469E-3
-3.978907E-2	1.562500E-3
-4.881251E-2	-4.980469E-3
-5.869532E-2	-1.181641E-2
-7.029688E-2	-1.894531E-2
-8.017969E-2	-2.607422E-2
-9.221095E-2	-3.291016E-2
-1.063906E-1	-3.925781E-2
-1.210000E-1	-4.511719E-2
-1.364688E-1	-5.029297E-2
-1.489297E-1	-5.488282E-2
-1.618203E-1	-5.888672E-2
-1.729922E-1	-6.220704E-2
-1.824453E-1	-6.484375E-2
-1.897500E-1	-6.708985E-2
-1.957656E-1	-6.884766E-2
-1.996328E-1	-7.021485E-2
-2.039297E-1	-7.128907E-2
-2.073672E-1	-7.207032E-2
-2.095156E-1	-7.275391E-2
-2.116641E-1	-7.314454E-2
-2.138125E-1	-7.353516E-2
-2.146719E-1	-7.373047E-2
-2.146719E-1	-7.373047E-2
-2.129531E-1	-7.353516E-2
-2.099453E-1	-7.314454E-2
-2.052188E-1	-7.255860E-2
-2.000625E-1	-7.187500E-2
-1.940469E-1	-7.099610E-2
-1.871719E-1	-7.001954E-2
-1.802969E-1	-6.904297E-2
-1.717031E-1	-6.787110E-2
-1.631094E-1	-6.660157E-2
-1.532266E-1	-6.513672E-2
-1.433438E-1	-6.357422E-2
-1.330313E-1	-6.201172E-2
-1.210000E-1	-6.025391E-2
-1.093984E-1	-5.830078E-2
-9.650782E-2	-5.605469E-2
-8.404688E-2	-5.371094E-2
-7.201563E-2	-5.107422E-2
-5.998438E-2	-4.843750E-2
-4.881251E-2	-4.550782E-2
-3.807032E-2	-4.228516E-2
-2.861719E-2	-3.886719E-2
-2.002344E-2	-3.515625E-2
-1.185938E-2	-3.085938E-2
-3.695316E-3	-2.597656E-2
4.898434E-3	-2.041016E-2
1.392187E-2	-1.416016E-2
2.251562E-2	-7.714844E-3
3.196875E-2	-1.269531E-3
4.185156E-2	5.371094E-3
5.044531E-2	1.230469E-2
6.075781E-2	1.933594E-2
7.192969E-2	2.617188E-2
8.353125E-2	3.291016E-2
9.857031E-2	3.925781E-2
1.140391E-1	4.511719E-2
1.286484E-1	5.009766E-2
1.419688E-1	5.449219E-2
1.544297E-1	5.810547E-2
1.656016E-1	6.123047E-2
1.741953E-1	6.376954E-2
1.815000E-1	6.582032E-2
1.866563E-1	6.738282E-2
1.913828E-1	6.865235E-2
1.952500E-1	6.962891E-2
1.982578E-1	7.031250E-2
1.999766E-1	7.080079E-2
2.021250E-1	7.119141E-2
2.038438E-1	7.138672E-2
2.042734E-1	7.158204E-2
2.042734E-1	7.158204E-2
2.021250E-1	7.138672E-2
1.995469E-1	7.099610E-2
1.952500E-1	7.041016E-2
1.900938E-1	6.972657E-2
1.840781E-1	6.884766E-2
1.776328E-1	6.796875E-2
1.711875E-1	6.699219E-2
1.630234E-1	6.582032E-2
1.535703E-1	6.464844E-2
1.432578E-1	6.328125E-2
1.338047E-1	6.171875E-2
1.243516E-1	6.015625E-2
1.127500E-1	5.849610E-2
1.011484E-1	5.664063E-2
8.825781E-2	5.458985E-2
7.579688E-2	5.234375E-2
6.376562E-2	4.980469E-2
5.173437E-2	4.716797E-2
4.056250E-2	4.433594E-2
3.025000E-2	4.121094E-2
2.079687E-2	3.789063E-2
1.177343E-2	3.417969E-2
3.609372E-3	2.998047E-2
-4.125004E-3	2.529297E-2
-1.185938E-2	1.992188E-2
-2.045313E-2	1.396484E-2
-3.076563E-2	7.421875E-3
-4.021876E-2	8.789063E-4
-5.010157E-2	-5.664063E-3
-6.041407E-2	-1.250000E-2
-7.115626E-2	-1.972656E-2
-8.232813E-2	-2.675781E-2
-9.307032E-2	-3.359375E-2
-1.076797E-1	-3.984375E-2
-1.227188E-1	-4.570313E-2
-1.368984E-1	-5.087891E-2
-1.510781E-1	-5.537110E-2
-1.631094E-1	-5.927735E-2
-1.738516E-1	-6.259766E-2
-1.837344E-1	-6.513672E-2
-1.910391E-1	-6.728516E-2
-1.966250E-1	-6.904297E-2
-2.013516E-1	-7.031250E-2
-2.052188E-1	-7.138672E-2
-2.082266E-1	-7.216797E-2
-2.108047E-1	-7.275391E-2
-2.129531E-1	-7.324219E-2
-2.138125E-1	-7.353516E-2
-2.151016E-1	-7.373047E-2
-2.146719E-1	-7.373047E-2
-2.129531E-1	-7.353516E-2
-2.099453E-1	-7.314454E-2
-2.056485E-1	-7.255860E-2
-2.000625E-1	-7.177735E-2
-1.936172E-1	-7.089844E-2
-1.871719E-1	-7.001954E-2
-1.798672E-1	-6.894532E-2
-1.717031E-1	-6.777344E-2
-1.618203E-1	-6.640625E-2
-1.515078E-1	-6.494141E-2
-1.407656E-1	-6.337891E-2
-1.313125E-1	-6.171875E-2
-1.205703E-1	-5.996094E-2
-1.085391E-1	-5.800782E-2
-9.564845E-2	-5.576172E-2
-8.232813E-2	-5.341797E-2
-7.072657E-2	-5.078125E-2
-5.869532E-2	-4.804688E-2
-4.666407E-2	-4.511719E-2
-3.678126E-2	-4.189453E-2
-2.775782E-2	-3.837891E-2
-1.916407E-2	-3.457031E-2
-1.014063E-2	-3.027344E-2
-3.265628E-3	-2.519531E-2
5.757809E-3	-1.953125E-2
1.478125E-2	-1.328125E-2
2.466406E-2	-6.933594E-3
3.368750E-2	-4.882813E-4
4.357031E-2	6.250000E-3
5.302344E-2	1.318359E-2
6.290625E-2	2.011719E-2
7.364844E-2	2.705078E-2
8.525000E-2	3.369141E-2
1.002891E-1	3.994141E-2
1.161875E-1	4.580078E-2
1.299375E-1	5.068360E-2
1.432578E-1	5.488282E-2
1.561484E-1	5.849610E-2
1.664609E-1	6.152344E-2
1.746250E-1	6.396485E-2
1.815000E-1	6.591797E-2
1.870859E-1	6.748047E-2
1.909531E-1	6.875000E-2
1.939609E-1	6.962891E-2
1.973984E-1	7.041016E-2
1.995469E-1	7.089844E-2
2.016953E-1	7.119141E-2
2.029844E-1	7.148438E-2
2.038438E-1	7.158204E-2
2.038438E-1	7.148438E-2
2.021250E-1	7.128907E-2
1.991172E-1	7.089844E-2
1.943906E-1	7.031250E-2
1.892344E-1	6.962891E-2
1.827891E-1	6.884766E-2
1.767734E-1	6.787110E-2
1.694688E-1	6.689454E-2
1.617344E-1	6.582032E-2
1.522813E-1	6.455079E-2
1.423984E-1	6.308594E-2
1.325156E-1	6.162110E-2
1.226328E-1	6.005860E-2
1.110313E-1	5.830078E-2
9.942969E-2	5.644532E-2
8.696875E-2	5.439453E-2
7.364844E-2	5.205078E-2
6.247656E-2	4.960938E-2
5.001562E-2	4.697266E-2
3.970312E-2	4.394532E-2
2.896094E-2	4.082032E-2
1.950781E-2	3.750000E-2
1.134375E-2	3.378906E-2
2.749997E-3	2.939453E-2
-5.414066E-3	2.460938E-2
-1.400782E-2	1.914063E-2
-2.260157E-2	1.308594E-2
-3.248438E-2	6.640625E-3
-4.193751E-2	9.765626E-5
-5.096094E-2	-6.445313E-3
-6.127344E-2	-1.337891E-2
-7.201563E-2	-2.050781E-2
-8.318751E-2	-2.763672E-2
-9.521876E-2	-3.437500E-2
-1.102578E-1	-4.062500E-2
-1.257266E-1	-4.638672E-2
-1.394766E-1	-5.156250E-2
-1.527969E-1	-5.595703E-2
-1.656875E-1	-5.976563E-2
-1.755703E-1	-6.289063E-2
-1.841641E-1	-6.542969E-2
-1.910391E-1	-6.757813E-2
-1.970547E-1	-6.914063E-2
-2.017813E-1	-7.050782E-2
-2.056485E-1	-7.148438E-2
-2.086563E-1	-7.226563E-2
-2.108047E-1	-7.285157E-2
-2.120938E-1	-7.324219E-2
-2.138125E-1	-7.353516E-2
-2.138125E-1	-7.363282E-2
-2.138125E-1	-7.363282E-2
-2.116641E-1	-7.333985E-2
-2.082266E-1	-7.294922E-2
-2.035000E-1	-7.236329E-2
-1.983438E-1	-7.158204E-2
-1.923281E-1	-7.070313E-2
-1.858828E-1	-6.972657E-2
-1.785781E-1	-6.865235E-2
-1.695547E-1	-6.748047E-2
-1.605313E-1	-6.621094E-2
-1.502188E-1	-6.474610E-2
-1.399063E-1	-6.318360E-2
-1.300234E-1	-6.152344E-2
-1.184219E-1	-5.966797E-2
-1.059609E-1	-5.761719E-2
-9.392970E-2	-5.537110E-2
-8.146876E-2	-5.292969E-2
-6.900782E-2	-5.039063E-2
-5.654688E-2	-4.765625E-2
-4.537501E-2	-4.462891E-2
-3.549219E-2	-4.140625E-2
-2.646875E-2	-3.789063E-2
-1.787500E-2	-3.408203E-2
-1.014063E-2	-2.958985E-2
-2.406253E-3	-2.451172E-2
6.187497E-3	-1.884766E-2
1.521093E-2	-1.250000E-2
2.466406E-2	-6.152344E-3
3.454687E-2	2.929688E-4
4.314062E-2	7.031250E-3
5.345312E-2	1.406250E-2
6.419531E-2	2.099610E-2
7.493750E-2	2.783203E-2
8.739844E-2	3.447266E-2
1.024375E-1	4.072266E-2
1.174766E-1	4.638672E-2
1.316563E-1	5.117188E-2
1.441172E-1	5.537110E-2
1.565781E-1	5.888672E-2
1.664609E-1	6.181641E-2
1.754844E-1	6.416016E-2
1.815000E-1	6.611329E-2
1.870859E-1	6.767579E-2
1.918125E-1	6.875000E-2
1.948203E-1	6.962891E-2
1.973984E-1	7.031250E-2
1.999766E-1	7.080079E-2
2.016953E-1	7.119141E-2
2.029844E-1	7.138672E-2
2.034141E-1	7.148438E-2
2.029844E-1	7.148438E-2
2.008359E-1	7.119141E-2
1.978281E-1	7.080079E-2
1.935313E-1	7.021485E-2
1.879453E-1	6.943360E-2
1.823594E-1	6.855469E-2
1.754844E-1	6.767579E-2
1.686094E-1	6.669922E-2
1.600156E-1	6.552735E-2
1.509922E-1	6.425782E-2
1.411094E-1	6.289063E-2
1.307969E-1	6.132813E-2
1.209141E-1	5.976563E-2
1.097422E-1	5.800782E-2
9.771094E-2	5.605469E-2
8.482031E-2	5.400391E-2
7.278906E-2	5.166016E-2
5.989844E-2	4.921875E-2
4.829687E-2	4.658203E-2
3.798437E-2	4.365235E-2
2.767187E-2	4.042969E-2
1.864844E-2	3.701172E-2
9.624997E-3	3.320313E-2
1.460934E-3	2.880860E-2
-6.273441E-3	2.402344E-2
-1.443750E-2	1.845703E-2
-2.346094E-2	1.240234E-2
-3.291407E-2	5.859375E-3
-4.322657E-2	-6.835938E-4
-5.225001E-2	-7.324219E-3
-6.342188E-2	-1.425781E-2
-7.373438E-2	-2.148438E-2
-8.447657E-2	-2.841797E-2
-9.650782E-2	-3.505860E-2
-1.115469E-1	-4.130860E-2
-1.270156E-1	-4.707032E-2
-1.403359E-1	-5.205078E-2
-1.540859E-1	-5.634766E-2
-1.665469E-1	-6.015625E-2
-1.764297E-1	-6.318360E-2
-1.845938E-1	-6.572266E-2
-1.918984E-1	-6.767579E-2
-1.979141E-1	-6.923829E-2
-2.017813E-1	-7.050782E-2
-2.056485E-1	-7.148438E-2
-2.086563E-1	-7.226563E-2
-2.108047E-1	-7.275391E-2
-2.125235E-1	-7.324219E-2
-2.129531E-1	-7.343750E-2
-2.138125E-1	-7.363282E-2
-2.142422E-1	-7.353516E-2
-2.120938E-1	-7.333985E-2
-2.082266E-1	-7.285157E-2
-2.039297E-1	-7.226563E-2
-1.979141E-1	-7.148438E-2
-1.914688E-1	-7.050782E-2
-1.850234E-1	-6.962891E-2
-1.772891E-1	-6.855469E-2
-1.686953E-1	-6.728516E-2
-1.596719E-1	-6.601563E-2
-1.489297E-1	-6.455079E-2
-1.386172E-1	-6.298829E-2
-1.287344E-1	-6.132813E-2
-1.171328E-1	-5.947266E-2
-1.051016E-1	-5.742188E-2
-9.264063E-2	-5.517578E-2
-7.932032E-2	-5.263672E-2
-6.728907E-2	-5.009766E-2
-5.568751E-2	-4.726563E-2
-4.408594E-2	-4.423828E-2
-3.420313E-2	-4.091797E-2
-2.560938E-2	-3.740235E-2
-1.744532E-2	-3.349610E-2
-9.710941E-3	-2.900391E-2
-1.546878E-3	-2.392578E-2
7.476560E-3	-1.806641E-2
1.692968E-2	-1.171875E-2
2.638281E-2	-5.371094E-3
3.583594E-2	1.074219E-3
4.485937E-2	7.910157E-3
5.431250E-2	1.484375E-2
6.419531E-2	2.187500E-2
7.622656E-2	2.861328E-2
8.868750E-2	3.525391E-2
1.037266E-1	4.140625E-2
1.187656E-1	4.707032E-2
1.329453E-1	5.175782E-2
1.458359E-1	5.576172E-2
1.578672E-1	5.917969E-2
1.690391E-1	6.210938E-2
1.763438E-1	6.445313E-2
1.823594E-1	6.630860E-2
1.879453E-1	6.777344E-2
1.909531E-1	6.884766E-2
1.948203E-1	6.972657E-2
1.973984E-1	7.031250E-2
1.999766E-1	7.089844E-2
2.016953E-1	7.119141E-2
2.025547E-1	7.138672E-2
2.038438E-1	7.148438E-2
2.029844E-1	7.138672E-2
2.004063E-1	7.109375E-2
1.969688E-1	7.070313E-2
1.926719E-1	7.001954E-2
1.870859E-1	6.933594E-2
1.810703E-1	6.845704E-2
1.741953E-1	6.748047E-2
1.668906E-1	6.650391E-2
1.591563E-1	6.533204E-2
1.497031E-1	6.406250E-2
1.398203E-1	6.259766E-2
1.299375E-1	6.113282E-2
1.187656E-1	5.947266E-2
1.075938E-1	5.771485E-2
9.556250E-2	5.585938E-2
8.267188E-2	5.371094E-2
7.064062E-2	5.126953E-2
5.860937E-2	4.882813E-2
4.657812E-2	4.609375E-2
3.626562E-2	4.306641E-2
2.638281E-2	3.984375E-2
1.735937E-2	3.652344E-2
9.195310E-3	3.261719E-2
6.015592E-4	2.822266E-2
-7.562504E-3	2.324219E-2
-1.572657E-2	1.757813E-2
-2.475000E-2	1.142578E-2
-3.420313E-2	4.882813E-3
-4.408594E-2	-1.562500E-3
-5.396876E-2	-8.203126E-3
-6.428126E-2	-1.513672E-2
-7.502344E-2	-2.236328E-2
-8.576563E-2	-2.929688E-2
-9.908595E-2	-3.593750E-2
-1.136953E-1	-4.208985E-2
-1.283047E-1	-4.765625E-2
-1.420547E-1	-5.253907E-2
-1.558047E-1	-5.683594E-2
-1.674063E-1	-6.054688E-2
-1.777188E-1	-6.357422E-2
-1.858828E-1	-6.591797E-2
-1.927578E-1	-6.796875E-2
-1.979141E-1	-6.953125E-2
-2.022110E-1	-7.070313E-2
-2.060781E-1	-7.158204E-2
-2.095156E-1	-7.226563E-2
-2.108047E-1	-7.285157E-2
-2.125235E-1	-7.324219E-2
-2.142422E-1	-7.353516E-2
-2.142422E-1	-7.363282E-2
-2.133828E-1	-7.353516E-2
-2.116641E-1	-7.324219E-2
-2.077969E-1	-7.275391E-2
-2.026406E-1	-7.207032E-2
-1.974844E-1	-7.128907E-2
-1.910391E-1	-7.041016E-2
-1.841641E-1	-6.943360E-2
-1.764297E-1	-6.835938E-2
-1.678359E-1	-6.718750E-2
-1.579531E-1	-6.582032E-2
-1.476406E-1	-6.435547E-2
-1.373281E-1	-6.279297E-2
-1.274453E-1	-6.103516E-2
-1.158438E-1	-5.917969E-2
-1.038125E-1	-5.712891E-2
-9.049220E-2	-5.478516E-2
-7.846094E-2	-5.224610E-2
-6.642969E-2	-4.970703E-2
-5.353907E-2	-4.687500E-2
-4.279688E-2	-4.375000E-2
-3.334375E-2	-4.042969E-2
-2.346094E-2	-3.691406E-2
-1.572657E-2	-3.300781E-2
-7.992191E-3	-2.841797E-2
-2.578158E-4	-2.324219E-2
8.335935E-3	-1.738281E-2
1.735937E-2	-1.103516E-2
2.681250E-2	-4.687500E-3
3.669531E-2	1.757813E-3
4.571875E-2	8.593751E-3
5.517187E-2	1.552734E-2
6.548437E-2	2.246094E-2
7.665625E-2	2.919922E-2
9.040625E-2	3.583985E-2
1.054453E-1	4.199219E-2
1.196250E-1	4.746094E-2
1.338047E-1	5.214844E-2
1.462656E-1	5.605469E-2
1.587266E-1	5.947266E-2
1.681797E-1	6.230469E-2
1.759141E-1	6.464844E-2
1.823594E-1	6.640625E-2
1.879453E-1	6.787110E-2
1.922422E-1	6.894532E-2
1.956797E-1	6.982422E-2
1.986875E-1	7.050782E-2
1.999766E-1	7.089844E-2
2.016953E-1	7.119141E-2
2.029844E-1	7.138672E-2
2.029844E-1	7.148438E-2
2.025547E-1	7.138672E-2
1.995469E-1	7.109375E-2
1.965391E-1	7.060547E-2
1.918125E-1	7.001954E-2
1.866563E-1	6.923829E-2
1.802109E-1	6.845704E-2
1.737656E-1	6.748047E-2
1.664609E-1	6.640625E-2
1.578672E-1	6.523438E-2
1.484141E-1	6.396485E-2
1.389609E-1	6.250000E-2
1.286484E-1	6.103516E-2
1.183359E-1	5.937500E-2
1.071641E-1	5.761719E-2
9.513281E-2	5.566407E-2
8.224219E-2	5.351563E-2
6.935156E-2	5.107422E-2
5.732031E-2	4.863282E-2
4.614844E-2	4.589844E-2
3.540625E-2	4.287110E-2
2.552344E-2	3.974610E-2
1.650000E-2	3.623047E-2
8.335935E-3	3.232422E-2
1.718717E-4	2.792969E-2
-7.992191E-3	2.294922E-2
-1.658594E-2	1.728516E-2
-2.517969E-2	1.113281E-2
-3.506250E-2	4.589844E-3
-4.408594E-2	-1.855469E-3
-5.396876E-2	-8.496094E-3
-6.514063E-2	-1.562500E-2
-7.588282E-2	-2.275391E-2
-8.662501E-2	-2.968750E-2
-9.908595E-2	-3.623047E-2
-1.132656E-1	-4.238282E-2
-1.287344E-1	-4.794922E-2
-1.429141E-1	-5.283203E-2
-1.570938E-1	-5.703125E-2
-1.678359E-1	-6.064453E-2
-1.777188E-1	-6.367188E-2
-1.867422E-1	-6.601563E-2
-1.931875E-1	-6.796875E-2
-1.987735E-1	-6.953125E-2
-2.030703E-1	-7.080079E-2
-2.065078E-1	-7.167969E-2
-2.090860E-1	-7.236329E-2
-2.112344E-1	-7.294922E-2
-2.125235E-1	-7.333985E-2
-2.133828E-1	-7.353516E-2
-2.151016E-1	-7.363282E-2
-2.142422E-1	-7.353516E-2
-2.112344E-1	-7.324219E-2
-2.073672E-1	-7.265625E-2
-2.022110E-1	-7.197266E-2
-1.970547E-1	-7.119141E-2
-1.906094E-1	-7.031250E-2
-1.833047E-1	-6.933594E-2
-1.755703E-1	-6.826172E-2
-1.665469E-1	-6.699219E-2
-1.570938E-1	-6.562500E-2
-1.472109E-1	-6.416016E-2
-1.373281E-1	-6.259766E-2
-1.265859E-1	-6.083985E-2
-1.149844E-1	-5.898438E-2
-1.020938E-1	-5.693360E-2
-8.920313E-2	-5.458985E-2
-7.674219E-2	-5.205078E-2
-6.471094E-2	-4.941407E-2
-5.267969E-2	-4.658203E-2
-4.236719E-2	-4.345703E-2
-3.248438E-2	-4.013672E-2
-2.389063E-2	-3.652344E-2
-1.572657E-2	-3.261719E-2
-7.562504E-3	-2.792969E-2
6.015592E-4	-2.255860E-2
9.624997E-3	-1.660156E-2
1.950781E-2	-1.025391E-2
2.853125E-2	-3.808594E-3
3.755469E-2	2.636719E-3
4.657812E-2	9.472657E-3
5.646094E-2	1.650391E-2
6.677344E-2	2.343750E-2
7.837500E-2	3.017578E-2
9.212500E-2	3.671875E-2
1.075938E-1	4.277344E-2
1.222031E-1	4.814453E-2
1.359531E-1	5.273438E-2
1.492734E-1	5.664063E-2
1.604453E-1	5.996094E-2
1.698984E-1	6.269532E-2
1.780625E-1	6.494141E-2
1.840781E-1	6.669922E-2
1.888047E-1	6.816407E-2
1.931016E-1	6.923829E-2
1.961094E-1	7.001954E-2
1.982578E-1	7.060547E-2
1.999766E-1	7.099610E-2
2.021250E-1	7.128907E-2
2.029844E-1	7.148438E-2
2.038438E-1	7.148438E-2
2.025547E-1	7.148438E-2
1.999766E-1	7.109375E-2
1.961094E-1	7.060547E-2
1.918125E-1	6.992188E-2
1.862266E-1	6.914063E-2
1.802109E-1	6.835938E-2
1.733359E-1	6.738282E-2
1.660313E-1	6.630860E-2
1.574375E-1	6.513672E-2
1.479844E-1	6.376954E-2
1.385313E-1	6.240235E-2
1.282188E-1	6.083985E-2
1.170469E-1	5.908203E-2
1.058750E-1	5.732422E-2
9.341406E-2	5.537110E-2
8.009375E-2	5.312500E-2
6.849219E-2	5.078125E-2
5.603125E-2	4.833985E-2
4.485937E-2	4.550782E-2
3.454687E-2	4.248047E-2
2.423437E-2	3.925781E-2
1.564062E-2	3.574219E-2
7.476560E-3	3.173828E-2
-6.875034E-4	2.724610E-2
-8.421879E-3	2.216797E-2
-1.701563E-2	1.640625E-2
-2.646875E-2	1.025391E-2
-3.635157E-2	3.710938E-3
-4.537501E-2	-2.832031E-3
-5.611719E-2	-9.472657E-3
-6.642969E-2	-1.660156E-2
-7.631251E-2	-2.373047E-2
-8.791407E-2	-3.066406E-2
-1.016641E-1	-3.720703E-2
-1.167031E-1	-4.326172E-2
-1.313125E-1	-4.873047E-2
-1.450625E-1	-5.351563E-2
-1.583828E-1	-5.761719E-2
-1.695547E-1	-6.113282E-2
-1.790078E-1	-6.406250E-2
-1.876016E-1	-6.640625E-2
-1.936172E-1	-6.826172E-2
-1.987735E-1	-6.962891E-2
-2.030703E-1	-7.080079E-2
-2.069375E-1	-7.167969E-2
-2.095156E-1	-7.246094E-2
-2.112344E-1	-7.294922E-2
-2.125235E-1	-7.324219E-2
-2.142422E-1	-7.343750E-2
-2.146719E-1	-7.353516E-2
-2.133828E-1	-7.343750E-2
-2.108047E-1	-7.314454E-2
-2.073672E-1	-7.265625E-2
-2.017813E-1	-7.197266E-2
-1.957656E-1	-7.109375E-2
-1.893203E-1	-7.021485E-2
-1.824453E-1	-6.914063E-2
-1.742813E-1	-6.806641E-2
-1.661172E-1	-6.679688E-2
-1.562344E-1	-6.542969E-2
-1.454922E-1	-6.396485E-2
-1.356094E-1	-6.230469E-2
-1.244375E-1	-6.064453E-2
-1.128359E-1	-5.869141E-2
-1.003750E-1	-5.664063E-2
-8.791407E-2	-5.419922E-2
-7.545313E-2	-5.175782E-2
-6.342188E-2	-4.902344E-2
-5.139063E-2	-4.619141E-2
-4.021876E-2	-4.306641E-2
-3.076563E-2	-3.964844E-2
-2.174219E-2	-3.603516E-2
-1.357813E-2	-3.193360E-2
-5.843754E-3	-2.714844E-2
2.320309E-3	-2.177735E-2
1.091406E-2	-1.572266E-2
1.993750E-2	-9.375001E-3
2.982031E-2	-2.929688E-3
3.884375E-2	3.515625E-3
4.829687E-2	1.044922E-2
5.775000E-2	1.738281E-2
6.935156E-2	2.431641E-2
8.095313E-2	3.095703E-2
9.470313E-2	3.750000E-2
1.097422E-1	4.345703E-2
1.243516E-1	4.873047E-2
1.376719E-1	5.322266E-2
1.505625E-1	5.703125E-2
1.621641E-1	6.025391E-2
1.703281E-1	6.298829E-2
1.780625E-1	6.513672E-2
1.845078E-1	6.679688E-2
1.892344E-1	6.816407E-2
1.931016E-1	6.914063E-2
1.961094E-1	6.992188E-2
1.982578E-1	7.050782E-2
1.999766E-1	7.089844E-2
2.016953E-1	7.119141E-2
2.021250E-1	7.138672E-2
2.025547E-1	7.138672E-2
2.021250E-1	7.128907E-2
1.991172E-1	7.089844E-2
1.952500E-1	7.041016E-2
1.905234E-1	6.972657E-2
1.849375E-1	6.894532E-2
1.789219E-1	6.806641E-2
1.724766E-1	6.708985E-2
1.647422E-1	6.601563E-2
1.565781E-1	6.484375E-2
1.462656E-1	6.347657E-2
1.359531E-1	6.201172E-2
1.265000E-1	6.044922E-2
1.157578E-1	5.878907E-2
1.037266E-1	5.703125E-2
9.169531E-2	5.498047E-2
7.923438E-2	5.283203E-2
6.634375E-2	5.039063E-2
5.474219E-2	4.775391E-2
4.357031E-2	4.492188E-2
3.239844E-2	4.189453E-2
2.294531E-2	3.867188E-2
1.435156E-2	3.515625E-2
5.757809E-3	3.105469E-2
-1.546878E-3	2.656250E-2
-9.710941E-3	2.138672E-2
-1.873438E-2	1.552734E-2
-2.861719E-2	9.277344E-3
-3.807032E-2	2.734375E-3
-4.709376E-2	-3.808594E-3
-5.697657E-2	-1.044922E-2
-6.771876E-2	-1.757813E-2
-7.846094E-2	-2.470703E-2
-8.920313E-2	-3.154297E-2
-1.029531E-1	-3.798828E-2
-1.184219E-1	-4.394532E-2
-1.326016E-1	-4.931641E-2
-1.459219E-1	-5.400391E-2
-1.592422E-1	-5.810547E-2
-1.708438E-1	-6.152344E-2
-1.811563E-1	-6.435547E-2
-1.880313E-1	-6.660157E-2
-1.940469E-1	-6.835938E-2
-1.992031E-1	-6.982422E-2
-2.035000E-1	-7.089844E-2
-2.069375E-1	-7.177735E-2
-2.090860E-1	-7.246094E-2
-2.112344E-1	-7.285157E-2
-2.125235E-1	-7.324219E-2
-2.133828E-1	-7.343750E-2
-2.138125E-1	-7.343750E-2
-2.129531E-1	-7.333985E-2
-2.099453E-1	-7.304688E-2
-2.056485E-1	-7.255860E-2
-2.009219E-1	-7.187500E-2
-1.953359E-1	-7.099610E-2
-1.880313E-1	-7.011719E-2
-1.815859E-1	-6.904297E-2
-1.729922E-1	-6.787110E-2
-1.648281E-1	-6.660157E-2
-1.549453E-1	-6.523438E-2
-1.446328E-1	-6.376954E-2
-1.343203E-1	-6.210938E-2
-1.235781E-1	-6.035157E-2
-1.115469E-1	-5.839844E-2
-9.822657E-2	-5.625000E-2
-8.619532E-2	-5.390625E-2
-7.373438E-2	-5.136719E-2
-6.127344E-2	-4.863282E-2
-4.924219E-2	-4.570313E-2
-3.935938E-2	-4.257813E-2
-2.947657E-2	-3.916016E-2
-2.088282E-2	-3.554688E-2
-1.314844E-2	-3.134766E-2
-5.414066E-3	-2.646485E-2
3.179684E-3	-2.099610E-2
1.220312E-2	-1.494141E-2
