X (Volt)	Y (Volt)
-2.303125E-2	1.337891E-2
-3.291407E-2	5.566407E-3
-4.193751E-2	-2.050781E-3
-5.225001E-2	-9.765626E-3
-6.256251E-2	-1.787109E-2
-7.287501E-2	-2.617188E-2
-8.275782E-2	-3.417969E-2
-9.264063E-2	-4.189453E-2
-1.046719E-1	-4.951172E-2
-1.197109E-1	-5.693360E-2
-1.347500E-1	-6.367188E-2
-1.489297E-1	-6.953125E-2
-1.622500E-1	-7.470704E-2
-1.725625E-1	-7.900391E-2
-1.820156E-1	-8.242188E-2
-1.897500E-1	-8.525391E-2
-1.957656E-1	-8.759766E-2
-2.013516E-1	-8.945313E-2
-2.056485E-1	-9.101563E-2
-2.082266E-1	-9.228516E-2
-2.112344E-1	-9.316407E-2
-2.133828E-1	-9.394532E-2
-2.146719E-1	-9.453126E-2
-2.146719E-1	-9.482422E-2
-2.138125E-1	-9.482422E-2
-2.116641E-1	-9.453126E-2
-2.069375E-1	-9.394532E-2
-2.017813E-1	-9.316407E-2
-1.966250E-1	-9.218751E-2
-1.901797E-1	-9.101563E-2
-1.828750E-1	-8.974610E-2
-1.742813E-1	-8.828126E-2
-1.652578E-1	-8.662110E-2
-1.558047E-1	-8.476563E-2
-1.454922E-1	-8.291016E-2
-1.356094E-1	-8.085938E-2
-1.244375E-1	-7.871094E-2
-1.132656E-1	-7.617188E-2
-1.003750E-1	-7.333985E-2
-8.834376E-2	-7.021485E-2
-7.717188E-2	-6.689454E-2
-6.557032E-2	-6.328125E-2
-5.482813E-2	-5.937500E-2
-4.494532E-2	-5.517578E-2
-3.549219E-2	-5.058594E-2
-2.689844E-2	-4.560547E-2
-1.916407E-2	-4.013672E-2
-1.142969E-2	-3.427735E-2
-3.265628E-3	-2.773438E-2
6.187497E-3	-2.060547E-2
1.564062E-2	-1.289063E-2
2.509375E-2	-5.175782E-3
3.454687E-2	2.343750E-3
4.400000E-2	1.025391E-2
5.345312E-2	1.826172E-2
6.376562E-2	2.626953E-2
7.407813E-2	3.427735E-2
8.439063E-2	4.218750E-2
9.685156E-2	4.990235E-2
1.118906E-1	5.703125E-2
1.265000E-1	6.347657E-2
1.411094E-1	6.904297E-2
1.540000E-1	7.382813E-2
1.651719E-1	7.773438E-2
1.741953E-1	8.115235E-2
1.819297E-1	8.398438E-2
1.875156E-1	8.623047E-2
1.922422E-1	8.798829E-2
1.961094E-1	8.945313E-2
1.982578E-1	9.052735E-2
2.012656E-1	9.140626E-2
2.038438E-1	9.199219E-2
2.047031E-1	9.248047E-2
2.047031E-1	9.267579E-2
2.029844E-1	9.267579E-2
1.999766E-1	9.228516E-2
1.961094E-1	9.169922E-2
1.909531E-1	9.091797E-2
1.853672E-1	8.994141E-2
1.789219E-1	8.886719E-2
1.724766E-1	8.759766E-2
1.647422E-1	8.623047E-2
1.561484E-1	8.457032E-2
1.462656E-1	8.271485E-2
1.368125E-1	8.076172E-2
1.260703E-1	7.880860E-2
1.157578E-1	7.656250E-2
1.041563E-1	7.421875E-2
9.169531E-2	7.148438E-2
7.923438E-2	6.855469E-2
6.720312E-2	6.533204E-2
5.603125E-2	6.191407E-2
4.614844E-2	5.810547E-2
3.669531E-2	5.410157E-2
2.681250E-2	4.970703E-2
1.821875E-2	4.482422E-2
1.091406E-2	3.935547E-2
2.320309E-3	3.339844E-2
-6.273441E-3	2.685547E-2
-1.443750E-2	1.992188E-2
-2.389063E-2	1.250000E-2
-3.377344E-2	4.687500E-3
-4.279688E-2	-2.929688E-3
-5.353907E-2	-1.074219E-2
-6.428126E-2	-1.894531E-2
-7.416407E-2	-2.714844E-2
-8.404688E-2	-3.515625E-2
-9.392970E-2	-4.296875E-2
-1.063906E-1	-5.058594E-2
-1.218594E-1	-5.791016E-2
-1.368984E-1	-6.464844E-2
-1.515078E-1	-7.041016E-2
-1.648281E-1	-7.539063E-2
-1.747109E-1	-7.958985E-2
-1.837344E-1	-8.291016E-2
-1.914688E-1	-8.564454E-2
-1.974844E-1	-8.798829E-2
-2.026406E-1	-8.984376E-2
-2.065078E-1	-9.130860E-2
-2.099453E-1	-9.248047E-2
-2.120938E-1	-9.345704E-2
-2.142422E-1	-9.414063E-2
-2.159610E-1	-9.462891E-2
-2.159610E-1	-9.492188E-2
-2.142422E-1	-9.492188E-2
-2.112344E-1	-9.453126E-2
-2.069375E-1	-9.394532E-2
-2.013516E-1	-9.306641E-2
-1.953359E-1	-9.208985E-2
-1.893203E-1	-9.091797E-2
-1.820156E-1	-8.955079E-2
-1.734219E-1	-8.808594E-2
-1.648281E-1	-8.642579E-2
-1.549453E-1	-8.457032E-2
-1.442031E-1	-8.261719E-2
-1.338906E-1	-8.056641E-2
-1.231484E-1	-7.832032E-2
-1.111172E-1	-7.578125E-2
-9.908595E-2	-7.285157E-2
-8.619532E-2	-6.972657E-2
-7.502344E-2	-6.640625E-2
-6.342188E-2	-6.269532E-2
-5.225001E-2	-5.878907E-2
-4.322657E-2	-5.449219E-2
-3.420313E-2	-4.990235E-2
-2.603907E-2	-4.492188E-2
-1.787500E-2	-3.935547E-2
-1.014063E-2	-3.339844E-2
-1.546878E-3	-2.675781E-2
7.906247E-3	-1.953125E-2
1.778906E-2	-1.181641E-2
2.595312E-2	-4.199219E-3
3.540625E-2	3.320313E-3
4.528906E-2	1.123047E-2
5.474219E-2	1.933594E-2
6.505469E-2	2.734375E-2
7.536719E-2	3.525391E-2
8.610938E-2	4.316407E-2
9.942969E-2	5.078125E-2
1.144688E-1	5.781250E-2
1.299375E-1	6.416016E-2
1.436875E-1	6.972657E-2
1.565781E-1	7.431641E-2
1.664609E-1	7.822266E-2
1.754844E-1	8.154297E-2
1.823594E-1	8.427735E-2
1.879453E-1	8.642579E-2
1.931016E-1	8.818360E-2
1.956797E-1	8.955079E-2
1.995469E-1	9.062501E-2
2.016953E-1	9.150391E-2
2.042734E-1	9.218751E-2
2.047031E-1	9.257813E-2
2.042734E-1	9.277344E-2
2.021250E-1	9.267579E-2
1.991172E-1	9.228516E-2
1.952500E-1	9.169922E-2
1.900938E-1	9.082032E-2
1.845078E-1	8.984376E-2
1.780625E-1	8.867188E-2
1.711875E-1	8.740235E-2
1.638828E-1	8.593751E-2
1.544297E-1	8.437501E-2
1.449766E-1	8.251954E-2
1.346641E-1	8.056641E-2
1.247813E-1	7.851563E-2
1.140391E-1	7.626954E-2
1.020078E-1	7.382813E-2
8.997656E-2	7.119141E-2
7.794531E-2	6.816407E-2
6.591406E-2	6.494141E-2
5.431250E-2	6.132813E-2
4.400000E-2	5.761719E-2
3.454687E-2	5.351563E-2
2.595312E-2	4.912110E-2
1.735937E-2	4.404297E-2
9.195310E-3	3.857422E-2
1.031247E-3	3.251953E-2
-7.562504E-3	2.597656E-2
-1.572657E-2	1.894531E-2
-2.517969E-2	1.142578E-2
-3.506250E-2	3.613281E-3
-4.408594E-2	-3.906250E-3
-5.439844E-2	-1.171875E-2
-6.514063E-2	-2.001953E-2
-7.502344E-2	-2.822266E-2
-8.533594E-2	-3.603516E-2
-9.564845E-2	-4.384766E-2
-1.085391E-1	-5.146485E-2
-1.222891E-1	-5.869141E-2
-1.381875E-1	-6.523438E-2
-1.519375E-1	-7.099610E-2
-1.652578E-1	-7.587891E-2
-1.751406E-1	-7.998047E-2
-1.845938E-1	-8.320313E-2
-1.923281E-1	-8.583985E-2
-1.979141E-1	-8.808594E-2
-2.026406E-1	-8.994141E-2
-2.065078E-1	-9.140626E-2
-2.095156E-1	-9.248047E-2
-2.120938E-1	-9.335938E-2
-2.138125E-1	-9.404297E-2
-2.155313E-1	-9.453126E-2
-2.155313E-1	-9.482422E-2
-2.142422E-1	-9.472657E-2
-2.108047E-1	-9.433594E-2
-2.060781E-1	-9.365235E-2
-2.004922E-1	-9.287110E-2
-1.949063E-1	-9.179688E-2
-1.880313E-1	-9.062501E-2
-1.802969E-1	-8.925782E-2
-1.717031E-1	-8.779297E-2
-1.622500E-1	-8.613282E-2
-1.527969E-1	-8.427735E-2
-1.420547E-1	-8.232422E-2
-1.326016E-1	-8.027344E-2
-1.218594E-1	-7.802735E-2
-1.098281E-1	-7.539063E-2
-9.736720E-2	-7.246094E-2
-8.404688E-2	-6.923829E-2
-7.330469E-2	-6.582032E-2
-6.170313E-2	-6.220704E-2
-5.096094E-2	-5.820313E-2
-4.150782E-2	-5.390625E-2
-3.291407E-2	-4.921875E-2
-2.475000E-2	-4.414063E-2
-1.658594E-2	-3.857422E-2
-8.851566E-3	-3.261719E-2
-2.578158E-4	-2.587891E-2
8.765622E-3	-1.855469E-2
1.821875E-2	-1.083984E-2
2.810156E-2	-3.222656E-3
3.755469E-2	4.296875E-3
4.700781E-2	1.230469E-2
5.689062E-2	2.041016E-2
6.720312E-2	2.841797E-2
7.665625E-2	3.632813E-2
8.739844E-2	4.423828E-2
1.015781E-1	5.175782E-2
1.161875E-1	5.869141E-2
1.312266E-1	6.503907E-2
1.449766E-1	7.041016E-2
1.574375E-1	7.490235E-2
1.677500E-1	7.871094E-2
1.759141E-1	8.193360E-2
1.827891E-1	8.457032E-2
1.883750E-1	8.671876E-2
1.931016E-1	8.837891E-2
1.965391E-1	8.974610E-2
1.995469E-1	9.072266E-2
2.021250E-1	9.160157E-2
2.038438E-1	9.218751E-2
2.051328E-1	9.257813E-2
2.051328E-1	9.267579E-2
2.025547E-1	9.257813E-2
1.991172E-1	9.218751E-2
1.948203E-1	9.150391E-2
1.892344E-1	9.072266E-2
1.836484E-1	8.964844E-2
1.776328E-1	8.847657E-2
1.707578E-1	8.720704E-2
1.625938E-1	8.574219E-2
1.535703E-1	8.408204E-2
1.441172E-1	8.222657E-2
1.342344E-1	8.027344E-2
1.239219E-1	7.822266E-2
1.127500E-1	7.597657E-2
1.002891E-1	7.353516E-2
8.825781E-2	7.080079E-2
7.622656E-2	6.777344E-2
6.462500E-2	6.445313E-2
5.345312E-2	6.093750E-2
4.314062E-2	5.712891E-2
3.325781E-2	5.302735E-2
2.509375E-2	4.853516E-2
1.650000E-2	4.345703E-2
8.335935E-3	3.789063E-2
1.031247E-3	3.173828E-2
-7.992191E-3	2.519531E-2
-1.701563E-2	1.806641E-2
-2.560938E-2	1.054688E-2
-3.592188E-2	2.734375E-3
-4.537501E-2	-4.785157E-3
-5.525782E-2	-1.269531E-2
-6.600001E-2	-2.099610E-2
-7.545313E-2	-2.919922E-2
-8.576563E-2	-3.701172E-2
-9.693751E-2	-4.482422E-2
-1.098281E-1	-5.234375E-2
-1.257266E-1	-5.957032E-2
-1.407656E-1	-6.601563E-2
-1.545156E-1	-7.167969E-2
-1.665469E-1	-7.646485E-2
-1.772891E-1	-8.046875E-2
-1.858828E-1	-8.369141E-2
-1.927578E-1	-8.632813E-2
-1.979141E-1	-8.847657E-2
-2.035000E-1	-9.023438E-2
-2.069375E-1	-9.160157E-2
-2.103750E-1	-9.277344E-2
-2.129531E-1	-9.355469E-2
-2.155313E-1	-9.423829E-2
-2.163906E-1	-9.472657E-2
-2.159610E-1	-9.492188E-2
-2.133828E-1	-9.472657E-2
-2.108047E-1	-9.433594E-2
-2.060781E-1	-9.375001E-2
-2.004922E-1	-9.287110E-2
-1.944766E-1	-9.179688E-2
-1.880313E-1	-9.052735E-2
-1.802969E-1	-8.916016E-2
-1.717031E-1	-8.769532E-2
-1.622500E-1	-8.603516E-2
-1.519375E-1	-8.417969E-2
-1.416250E-1	-8.212891E-2
-1.317422E-1	-8.007813E-2
-1.201406E-1	-7.773438E-2
-1.081094E-1	-7.509766E-2
-9.564845E-2	-7.216797E-2
-8.361719E-2	-6.894532E-2
-7.201563E-2	-6.552735E-2
-6.084376E-2	-6.181641E-2
-4.967188E-2	-5.771485E-2
-4.064844E-2	-5.332032E-2
-3.248438E-2	-4.863282E-2
-2.389063E-2	-4.345703E-2
-1.615625E-2	-3.779297E-2
-7.132816E-3	-3.173828E-2
1.031247E-3	-2.490235E-2
1.005468E-2	-1.748047E-2
1.950781E-2	-9.863282E-3
2.853125E-2	-2.246094E-3
3.712500E-2	5.371094E-3
4.700781E-2	1.337891E-2
5.775000E-2	2.148438E-2
6.806250E-2	2.939453E-2
7.794531E-2	3.730469E-2
8.911719E-2	4.521485E-2
1.028672E-1	5.273438E-2
1.187656E-1	5.957032E-2
1.325156E-1	6.572266E-2
1.471250E-1	7.099610E-2
1.591563E-1	7.539063E-2
1.681797E-1	7.910157E-2
1.767734E-1	8.222657E-2
1.832188E-1	8.476563E-2
1.883750E-1	8.681641E-2
1.931016E-1	8.847657E-2
1.969688E-1	8.974610E-2
1.995469E-1	9.082032E-2
2.021250E-1	9.160157E-2
2.034141E-1	9.218751E-2
2.051328E-1	9.257813E-2
2.034141E-1	9.267579E-2
2.012656E-1	9.248047E-2
1.982578E-1	9.208985E-2
1.935313E-1	9.140626E-2
1.883750E-1	9.052735E-2
1.832188E-1	8.955079E-2
1.767734E-1	8.837891E-2
1.698984E-1	8.701172E-2
1.617344E-1	8.554688E-2
1.527109E-1	8.378907E-2
1.423984E-1	8.193360E-2
1.320859E-1	7.988282E-2
1.222031E-1	7.783204E-2
1.110313E-1	7.558594E-2
9.942969E-2	7.314454E-2
8.696875E-2	7.041016E-2
7.493750E-2	6.738282E-2
6.376562E-2	6.406250E-2
5.216406E-2	6.054688E-2
4.271094E-2	5.673828E-2
3.282812E-2	5.263672E-2
2.423437E-2	4.814453E-2
1.564062E-2	4.296875E-2
8.335935E-3	3.740235E-2
-2.578158E-4	3.125000E-2
-8.421879E-3	2.470703E-2
-1.787500E-2	1.748047E-2
-2.732813E-2	9.960938E-3
-3.721094E-2	2.148438E-3
-4.666407E-2	-5.371094E-3
-5.654688E-2	-1.328125E-2
-6.685938E-2	-2.158203E-2
-7.674219E-2	-2.978516E-2
-8.705469E-2	-3.759766E-2
-9.822657E-2	-4.541016E-2
-1.115469E-1	-5.292969E-2
-1.270156E-1	-6.015625E-2
-1.411953E-1	-6.650391E-2
-1.549453E-1	-7.207032E-2
-1.674063E-1	-7.685547E-2
-1.777188E-1	-8.066407E-2
-1.863125E-1	-8.388672E-2
-1.931875E-1	-8.652344E-2
-1.992031E-1	-8.857422E-2
-2.035000E-1	-9.033204E-2
-2.077969E-1	-9.169922E-2
-2.103750E-1	-9.277344E-2
-2.129531E-1	-9.365235E-2
-2.146719E-1	-9.433594E-2
-2.159610E-1	-9.472657E-2
-2.155313E-1	-9.492188E-2
-2.125235E-1	-9.472657E-2
-2.099453E-1	-9.433594E-2
-2.052188E-1	-9.355469E-2
-1.996328E-1	-9.267579E-2
-1.931875E-1	-9.160157E-2
-1.863125E-1	-9.033204E-2
-1.785781E-1	-8.896485E-2
-1.699844E-1	-8.750001E-2
-1.601016E-1	-8.574219E-2
-1.506484E-1	-8.378907E-2
-1.407656E-1	-8.183594E-2
-1.304531E-1	-7.978516E-2
-1.188516E-1	-7.744141E-2
-1.068203E-1	-7.480469E-2
-9.435938E-2	-7.177735E-2
-8.189844E-2	-6.855469E-2
-7.029688E-2	-6.513672E-2
-5.955469E-2	-6.142579E-2
-4.838282E-2	-5.732422E-2
-3.892969E-2	-5.292969E-2
-3.033594E-2	-4.814453E-2
-2.217188E-2	-4.287110E-2
-1.486719E-2	-3.730469E-2
-6.703129E-3	-3.115235E-2
1.460934E-3	-2.431641E-2
1.091406E-2	-1.689453E-2
2.122656E-2	-9.179688E-3
2.982031E-2	-1.660156E-3
3.927344E-2	5.957032E-3
4.829687E-2	1.396484E-2
5.860937E-2	2.207031E-2
6.892187E-2	3.007813E-2
7.880469E-2	3.798828E-2
8.997656E-2	4.580078E-2
1.041563E-1	5.332032E-2
1.196250E-1	6.005860E-2
1.342344E-1	6.621094E-2
1.479844E-1	7.128907E-2
1.595859E-1	7.568360E-2
1.694688E-1	7.929688E-2
1.772031E-1	8.242188E-2
1.840781E-1	8.496094E-2
1.892344E-1	8.701172E-2
1.935313E-1	8.867188E-2
1.969688E-1	8.994141E-2
1.999766E-1	9.091797E-2
2.021250E-1	9.169922E-2
2.034141E-1	9.218751E-2
2.038438E-1	9.257813E-2
2.042734E-1	9.267579E-2
2.016953E-1	9.248047E-2
1.982578E-1	9.199219E-2
1.935313E-1	9.130860E-2
1.883750E-1	9.033204E-2
1.823594E-1	8.925782E-2
1.754844E-1	8.808594E-2
1.686094E-1	8.681641E-2
1.600156E-1	8.525391E-2
1.509922E-1	8.359376E-2
1.415391E-1	8.164063E-2
1.316563E-1	7.968750E-2
1.209141E-1	7.753907E-2
1.097422E-1	7.529297E-2
9.771094E-2	7.285157E-2
8.482031E-2	7.011719E-2
7.321875E-2	6.708985E-2
6.161719E-2	6.376954E-2
5.130469E-2	6.015625E-2
4.228125E-2	5.625000E-2
3.239844E-2	5.205078E-2
2.337500E-2	4.746094E-2
1.521093E-2	4.228516E-2
6.187497E-3	3.662110E-2
-1.546878E-3	3.037110E-2
-1.014063E-2	2.373047E-2
-1.916407E-2	1.650391E-2
-2.861719E-2	8.886719E-3
-3.807032E-2	1.171875E-3
-4.752344E-2	-6.445313E-3
-5.783594E-2	-1.445313E-2
-6.814844E-2	-2.275391E-2
-7.760157E-2	-3.085938E-2
-8.834376E-2	-3.857422E-2
-9.951563E-2	-4.638672E-2
-1.132656E-1	-5.390625E-2
-1.287344E-1	-6.103516E-2
-1.429141E-1	-6.728516E-2
-1.570938E-1	-7.275391E-2
-1.691250E-1	-7.734375E-2
-1.790078E-1	-8.105469E-2
-1.867422E-1	-8.417969E-2
-1.936172E-1	-8.671876E-2
-1.996328E-1	-8.876954E-2
-2.039297E-1	-9.042969E-2
-2.082266E-1	-9.179688E-2
-2.108047E-1	-9.287110E-2
-2.133828E-1	-9.375001E-2
-2.155313E-1	-9.433594E-2
-2.159610E-1	-9.472657E-2
-2.155313E-1	-9.482422E-2
-2.129531E-1	-9.472657E-2
-2.095156E-1	-9.423829E-2
-2.052188E-1	-9.345704E-2
-1.992031E-1	-9.257813E-2
-1.931875E-1	-9.150391E-2
-1.858828E-1	-9.023438E-2
-1.781484E-1	-8.886719E-2
-1.695547E-1	-8.730469E-2
-1.605313E-1	-8.554688E-2
-1.502188E-1	-8.369141E-2
-1.399063E-1	-8.173829E-2
-1.295938E-1	-7.958985E-2
-1.188516E-1	-7.724610E-2
-1.059609E-1	-7.451172E-2
-9.307032E-2	-7.148438E-2
-8.103907E-2	-6.816407E-2
-6.986719E-2	-6.474610E-2
-5.826563E-2	-6.093750E-2
-4.795313E-2	-5.683594E-2
-3.850001E-2	-5.234375E-2
-3.033594E-2	-4.746094E-2
-2.174219E-2	-4.218750E-2
-1.400782E-2	-3.642578E-2
-5.414066E-3	-3.017578E-2
3.609372E-3	-2.324219E-2
1.220312E-2	-1.572266E-2
2.208594E-2	-8.007813E-3
3.110937E-2	-4.882813E-4
4.013281E-2	7.128907E-3
4.958594E-2	1.513672E-2
5.989844E-2	2.324219E-2
7.021094E-2	3.125000E-2
8.095313E-2	3.916016E-2
9.255469E-2	4.697266E-2
1.063047E-1	5.429688E-2
1.217734E-1	6.103516E-2
1.359531E-1	6.689454E-2
1.492734E-1	7.197266E-2
1.613047E-1	7.617188E-2
1.703281E-1	7.978516E-2
1.784922E-1	8.281251E-2
1.849375E-1	8.525391E-2
1.896641E-1	8.730469E-2
1.943906E-1	8.876954E-2
1.973984E-1	9.003907E-2
2.004063E-1	9.101563E-2
2.025547E-1	9.169922E-2
2.038438E-1	9.228516E-2
2.047031E-1	9.267579E-2
2.034141E-1	9.267579E-2
2.008359E-1	9.248047E-2
1.969688E-1	9.199219E-2
1.926719E-1	9.121094E-2
1.875156E-1	9.033204E-2
1.815000E-1	8.925782E-2
1.750547E-1	8.798829E-2
1.677500E-1	8.662110E-2
1.587266E-1	8.515626E-2
1.492734E-1	8.339844E-2
1.393906E-1	8.144532E-2
1.290781E-1	7.949219E-2
1.187656E-1	7.734375E-2
1.080234E-1	7.500000E-2
9.599219E-2	7.246094E-2
8.353125E-2	6.962891E-2
7.150000E-2	6.650391E-2
5.989844E-2	6.318360E-2
4.958594E-2	5.947266E-2
3.970312E-2	5.566407E-2
2.982031E-2	5.146485E-2
2.165625E-2	4.687500E-2
1.392187E-2	4.160157E-2
5.328122E-3	3.583985E-2
-1.976566E-3	2.958985E-2
-1.100000E-2	2.285156E-2
-1.959375E-2	1.562500E-2
-2.947657E-2	7.910157E-3
-3.892969E-2	2.929688E-4
-4.795313E-2	-7.324219E-3
-5.869532E-2	-1.533203E-2
-7.029688E-2	-2.363281E-2
-7.975001E-2	-3.173828E-2
-8.963282E-2	-3.955078E-2
-1.008047E-1	-4.726563E-2
-1.145547E-1	-5.468750E-2
-1.295938E-1	-6.171875E-2
-1.446328E-1	-6.787110E-2
-1.583828E-1	-7.324219E-2
-1.695547E-1	-7.783204E-2
-1.790078E-1	-8.144532E-2
-1.871719E-1	-8.447266E-2
-1.940469E-1	-8.691407E-2
-1.992031E-1	-8.886719E-2
-2.043594E-1	-9.052735E-2
-2.082266E-1	-9.189454E-2
-2.108047E-1	-9.287110E-2
-2.133828E-1	-9.365235E-2
-2.155313E-1	-9.423829E-2
-2.151016E-1	-9.472657E-2
-2.151016E-1	-9.482422E-2
-2.125235E-1	-9.453126E-2
-2.082266E-1	-9.404297E-2
-2.035000E-1	-9.335938E-2
-1.979141E-1	-9.238282E-2
-1.914688E-1	-9.121094E-2
-1.845938E-1	-9.003907E-2
-1.768594E-1	-8.867188E-2
-1.682656E-1	-8.710938E-2
-1.583828E-1	-8.535157E-2
-1.485000E-1	-8.339844E-2
-1.386172E-1	-8.144532E-2
-1.283047E-1	-7.929688E-2
-1.171328E-1	-7.685547E-2
-1.051016E-1	-7.412110E-2
-9.221095E-2	-7.109375E-2
-7.975001E-2	-6.777344E-2
-6.857813E-2	-6.425782E-2
-5.697657E-2	-6.054688E-2
-4.666407E-2	-5.634766E-2
-3.764063E-2	-5.195313E-2
-2.904688E-2	-4.707032E-2
-2.131250E-2	-4.179688E-2
-1.314844E-2	-3.603516E-2
-4.984379E-3	-2.968750E-2
3.609372E-3	-2.265625E-2
1.306250E-2	-1.513672E-2
2.208594E-2	-7.421875E-3
3.153906E-2	9.765626E-5
4.099219E-2	7.812500E-3
5.044531E-2	1.591797E-2
6.075781E-2	2.392578E-2
7.021094E-2	3.183594E-2
8.052344E-2	3.974610E-2
9.212500E-2	4.755860E-2
1.067344E-1	5.488282E-2
1.226328E-1	6.152344E-2
1.368125E-1	6.738282E-2
1.497031E-1	7.236329E-2
1.617344E-1	7.656250E-2
1.711875E-1	8.007813E-2
1.784922E-1	8.310547E-2
1.845078E-1	8.544922E-2
1.896641E-1	8.740235E-2
1.939609E-1	8.886719E-2
1.973984E-1	9.013672E-2
2.004063E-1	9.101563E-2
2.021250E-1	9.179688E-2
2.038438E-1	9.228516E-2
2.047031E-1	9.267579E-2
2.034141E-1	9.267579E-2
2.008359E-1	9.238282E-2
1.965391E-1	9.179688E-2
1.918125E-1	9.111329E-2
1.857969E-1	9.013672E-2
1.806406E-1	8.906251E-2
1.746250E-1	8.789063E-2
1.664609E-1	8.652344E-2
1.587266E-1	8.496094E-2
1.492734E-1	8.320313E-2
1.389609E-1	8.125000E-2
1.295078E-1	7.929688E-2
1.187656E-1	7.724610E-2
1.071641E-1	7.480469E-2
9.384375E-2	7.226563E-2
8.138281E-2	6.933594E-2
6.978125E-2	6.621094E-2
5.817969E-2	6.279297E-2
4.786719E-2	5.917969E-2
3.841406E-2	5.527344E-2
2.853125E-2	5.097657E-2
2.036719E-2	4.628907E-2
1.263281E-2	4.091797E-2
4.039059E-3	3.515625E-2
-4.125004E-3	2.880860E-2
-1.228907E-2	2.207031E-2
-2.174219E-2	1.474609E-2
-3.119532E-2	7.031250E-3
-4.064844E-2	-5.859375E-4
-5.010157E-2	-8.300782E-3
-6.084376E-2	-1.640625E-2
-7.115626E-2	-2.470703E-2
-8.103907E-2	-3.271485E-2
-9.092188E-2	-4.042969E-2
-1.029531E-1	-4.814453E-2
-1.171328E-1	-5.566407E-2
-1.321719E-1	-6.259766E-2
-1.467813E-1	-6.855469E-2
-1.605313E-1	-7.382813E-2
-1.708438E-1	-7.832032E-2
-1.798672E-1	-8.183594E-2
-1.888906E-1	-8.476563E-2
-1.953359E-1	-8.720704E-2
-2.004922E-1	-8.916016E-2
-2.056485E-1	-9.082032E-2
-2.090860E-1	-9.208985E-2
-2.112344E-1	-9.306641E-2
-2.138125E-1	-9.384766E-2
-2.151016E-1	-9.433594E-2
-2.155313E-1	-9.472657E-2
-2.146719E-1	-9.482422E-2
-2.120938E-1	-9.462891E-2
-2.082266E-1	-9.404297E-2
-2.030703E-1	-9.326172E-2
-1.974844E-1	-9.228516E-2
-1.914688E-1	-9.121094E-2
-1.841641E-1	-8.994141E-2
-1.760000E-1	-8.847657E-2
-1.674063E-1	-8.691407E-2
-1.579531E-1	-8.515626E-2
-1.476406E-1	-8.320313E-2
-1.368984E-1	-8.125000E-2
-1.270156E-1	-7.910157E-2
-1.149844E-1	-7.656250E-2
-1.029531E-1	-7.373047E-2
-9.135157E-2	-7.070313E-2
-7.846094E-2	-6.738282E-2
-6.771876E-2	-6.376954E-2
-5.611719E-2	-5.996094E-2
-4.580469E-2	-5.566407E-2
-3.721094E-2	-5.117188E-2
-2.818750E-2	-4.628907E-2
-2.045313E-2	-4.091797E-2
-1.228907E-2	-3.515625E-2
-4.125004E-3	-2.871094E-2
4.468747E-3	-2.167969E-2
1.392187E-2	-1.406250E-2
2.337500E-2	-6.445313E-3
3.239844E-2	1.074219E-3
4.185156E-2	8.886719E-3
5.173437E-2	1.699219E-2
6.247656E-2	2.500000E-2
7.192969E-2	3.291016E-2
8.224219E-2	4.072266E-2
9.470313E-2	4.853516E-2
1.097422E-1	5.576172E-2
1.247813E-1	6.230469E-2
1.389609E-1	6.806641E-2
1.522813E-1	7.294922E-2
1.630234E-1	7.705079E-2
1.720469E-1	8.046875E-2
1.793516E-1	8.339844E-2
1.853672E-1	8.574219E-2
1.905234E-1	8.759766E-2
1.948203E-1	8.906251E-2
1.982578E-1	9.023438E-2
2.008359E-1	9.121094E-2
2.029844E-1	9.189454E-2
2.047031E-1	9.238282E-2
2.042734E-1	9.257813E-2
2.034141E-1	9.267579E-2
2.004063E-1	9.228516E-2
1.965391E-1	9.179688E-2
1.918125E-1	9.101563E-2
1.862266E-1	9.003907E-2
1.802109E-1	8.896485E-2
1.729063E-1	8.769532E-2
1.660313E-1	8.632813E-2
1.570078E-1	8.466797E-2
1.471250E-1	8.291016E-2
1.372422E-1	8.095704E-2
1.277891E-1	7.900391E-2
1.174766E-1	7.675782E-2
1.050156E-1	7.441407E-2
9.341406E-2	7.187500E-2
8.052344E-2	6.894532E-2
6.892187E-2	6.582032E-2
5.732031E-2	6.230469E-2
4.743750E-2	5.859375E-2
3.755469E-2	5.468750E-2
2.853125E-2	5.029297E-2
1.993750E-2	4.550782E-2
1.177343E-2	4.013672E-2
3.179684E-3	3.437500E-2
-4.984379E-3	2.792969E-2
-1.357813E-2	2.119141E-2
-2.217188E-2	1.386719E-2
-3.162500E-2	6.152344E-3
-4.107813E-2	-1.464844E-3
-5.139063E-2	-9.082032E-3
-6.127344E-2	-1.728516E-2
-7.244532E-2	-2.548828E-2
-8.146876E-2	-3.349610E-2
-9.264063E-2	-4.130860E-2
-1.042422E-1	-4.902344E-2
-1.184219E-1	-5.634766E-2
-1.330313E-1	-6.318360E-2
-1.476406E-1	-6.914063E-2
-1.609609E-1	-7.431641E-2
-1.721328E-1	-7.871094E-2
-1.811563E-1	-8.212891E-2
-1.893203E-1	-8.505860E-2
-1.961953E-1	-8.740235E-2
-2.013516E-1	-8.935547E-2
-2.047891E-1	-9.091797E-2
-2.095156E-1	-9.208985E-2
-2.120938E-1	-9.316407E-2
-2.138125E-1	-9.384766E-2
-2.155313E-1	-9.443360E-2
-2.163906E-1	-9.472657E-2
-2.146719E-1	-9.472657E-2
-2.116641E-1	-9.453126E-2
-2.077969E-1	-9.394532E-2
-2.026406E-1	-9.316407E-2
-1.966250E-1	-9.218751E-2
-1.897500E-1	-9.101563E-2
-1.833047E-1	-8.974610E-2
-1.747109E-1	-8.837891E-2
-1.661172E-1	-8.671876E-2
-1.562344E-1	-8.486329E-2
-1.463516E-1	-8.300782E-2
-1.360391E-1	-8.095704E-2
-1.257266E-1	-7.871094E-2
-1.132656E-1	-7.626954E-2
-1.003750E-1	-7.343750E-2
-8.834376E-2	-7.031250E-2
-7.717188E-2	-6.699219E-2
-6.557032E-2	-6.347657E-2
-5.396876E-2	-5.957032E-2
-4.451563E-2	-5.537110E-2
-3.549219E-2	-5.078125E-2
-2.775782E-2	-4.589844E-2
-1.959375E-2	-4.042969E-2
-1.142969E-2	-3.457031E-2
-2.835941E-3	-2.812500E-2
5.757809E-3	-2.099610E-2
1.521093E-2	-1.337891E-2
2.423437E-2	-5.761719E-3
3.368750E-2	1.757813E-3
4.314062E-2	9.667969E-3
5.259375E-2	1.767578E-2
6.204687E-2	2.578125E-2
7.235938E-2	3.369141E-2
8.310156E-2	4.150391E-2
9.599219E-2	4.931641E-2
1.106016E-1	5.644532E-2
1.260703E-1	6.289063E-2
1.406797E-1	6.855469E-2
1.531406E-1	7.333985E-2
1.643125E-1	7.734375E-2
1.724766E-1	8.076172E-2
1.802109E-1	8.359376E-2
1.862266E-1	8.583985E-2
1.913828E-1	8.769532E-2
1.948203E-1	8.916016E-2
1.982578E-1	9.033204E-2
2.012656E-1	9.111329E-2
2.025547E-1	9.179688E-2
2.042734E-1	9.228516E-2
2.047031E-1	9.257813E-2
2.025547E-1	9.257813E-2
1.995469E-1	9.228516E-2
1.956797E-1	9.169922E-2
1.909531E-1	9.091797E-2
1.857969E-1	8.994141E-2
1.793516E-1	8.876954E-2
1.720469E-1	8.759766E-2
1.643125E-1	8.613282E-2
1.557188E-1	8.447266E-2
1.458359E-1	8.271485E-2
1.363828E-1	8.076172E-2
1.269297E-1	7.871094E-2
1.157578E-1	7.656250E-2
1.041563E-1	7.412110E-2
9.083594E-2	7.148438E-2
7.880469E-2	6.855469E-2
6.720312E-2	6.542969E-2
5.603125E-2	6.191407E-2
4.571875E-2	5.820313E-2
3.669531E-2	5.419922E-2
2.767187E-2	4.980469E-2
1.907812E-2	4.492188E-2
1.091406E-2	3.945313E-2
2.749997E-3	3.359375E-2
-5.414066E-3	2.714844E-2
-1.400782E-2	2.031250E-2
-2.346094E-2	1.289063E-2
-3.377344E-2	5.078125E-3
-4.279688E-2	-2.539063E-3
-5.225001E-2	-1.025391E-2
-6.299219E-2	-1.845703E-2
-7.330469E-2	-2.666016E-2
-8.232813E-2	-3.457031E-2
-9.307032E-2	-4.228516E-2
-1.055313E-1	-5.000000E-2
-1.205703E-1	-5.732422E-2
-1.351797E-1	-6.406250E-2
-1.497891E-1	-6.982422E-2
-1.626797E-1	-7.490235E-2
-1.734219E-1	-7.910157E-2
-1.828750E-1	-8.251954E-2
-1.897500E-1	-8.535157E-2
-1.966250E-1	-8.769532E-2
-2.017813E-1	-8.955079E-2
-2.060781E-1	-9.111329E-2
-2.095156E-1	-9.228516E-2
-2.120938E-1	-9.326172E-2
-2.142422E-1	-9.394532E-2
-2.155313E-1	-9.453126E-2
-2.159610E-1	-9.482422E-2
-2.142422E-1	-9.482422E-2
-2.112344E-1	-9.443360E-2
-2.069375E-1	-9.384766E-2
-2.017813E-1	-9.306641E-2
-1.961953E-1	-9.208985E-2
-1.897500E-1	-9.091797E-2
-1.815859E-1	-8.955079E-2
-1.729922E-1	-8.808594E-2
-1.652578E-1	-8.642579E-2
-1.549453E-1	-8.466797E-2
-1.446328E-1	-8.271485E-2
-1.347500E-1	-8.076172E-2
-1.240078E-1	-7.851563E-2
-1.119766E-1	-7.587891E-2
-9.951563E-2	-7.304688E-2
-8.748438E-2	-6.992188E-2
-7.545313E-2	-6.660157E-2
-6.428126E-2	-6.298829E-2
-5.310938E-2	-5.898438E-2
-4.279688E-2	-5.468750E-2
-3.463282E-2	-5.009766E-2
-2.646875E-2	-4.511719E-2
-1.830469E-2	-3.955078E-2
-1.014063E-2	-3.369141E-2
-1.546878E-3	-2.705078E-2
7.476560E-3	-1.992188E-2
1.692968E-2	-1.230469E-2
2.638281E-2	-4.687500E-3
3.540625E-2	2.832031E-3
4.442969E-2	1.074219E-2
5.431250E-2	1.884766E-2
6.376562E-2	2.685547E-2
7.407813E-2	3.476563E-2
8.525000E-2	4.257813E-2
9.814063E-2	5.029297E-2
1.136094E-1	5.742188E-2
1.286484E-1	6.376954E-2
1.423984E-1	6.933594E-2
1.557188E-1	7.392579E-2
1.660313E-1	7.792969E-2
1.741953E-1	8.125000E-2
1.810703E-1	8.398438E-2
1.870859E-1	8.623047E-2
1.918125E-1	8.789063E-2
1.956797E-1	8.935547E-2
1.986875E-1	9.042969E-2
2.008359E-1	9.130860E-2
2.029844E-1	9.189454E-2
2.042734E-1	9.238282E-2
2.042734E-1	9.257813E-2
2.025547E-1	9.257813E-2
1.986875E-1	9.218751E-2
1.948203E-1	9.160157E-2
1.900938E-1	9.072266E-2
1.849375E-1	8.974610E-2
1.784922E-1	8.867188E-2
1.711875E-1	8.740235E-2
1.634531E-1	8.593751E-2
1.548594E-1	8.417969E-2
1.441172E-1	8.242188E-2
1.350938E-1	8.046875E-2
1.252109E-1	7.841797E-2
1.140391E-1	7.626954E-2
1.024375E-1	7.382813E-2
8.954688E-2	7.109375E-2
7.794531E-2	6.816407E-2
6.634375E-2	6.494141E-2
5.517187E-2	6.142579E-2
4.442969E-2	5.761719E-2
3.497656E-2	5.361328E-2
2.638281E-2	4.921875E-2
1.735937E-2	4.423828E-2
9.624997E-3	3.867188E-2
1.460934E-3	3.271485E-2
-7.132816E-3	2.626953E-2
-1.572657E-2	1.923828E-2
-2.475000E-2	1.171875E-2
