X (Volt)	Y (Volt)
6.706250E-2	-3.906250E-4
1.191719E-1	4.296875E-3
1.769453E-1	8.593749E-3
2.335859E-1	1.210937E-2
2.907930E-1	1.523437E-2
3.480000E-1	1.835937E-2
3.989766E-1	2.109375E-2
4.471211E-1	2.343750E-2
4.963984E-1	2.578125E-2
5.439766E-1	2.812500E-2
5.887226E-1	3.046875E-2
6.306367E-1	3.242187E-2
6.714180E-1	3.437500E-2
7.121992E-1	3.632812E-2
7.507148E-1	3.828125E-2
7.875312E-1	3.984375E-2
8.192500E-1	4.140625E-2
8.458711E-1	4.296875E-2
8.656953E-1	4.375000E-2
8.821211E-1	4.453125E-2
8.945820E-1	4.492187E-2
9.047773E-1	4.531250E-2
9.127070E-1	4.570312E-2
9.189375E-1	4.570312E-2
9.234687E-1	4.570312E-2
9.263008E-1	4.609375E-2
9.280000E-1	4.570312E-2
9.251680E-1	4.570312E-2
9.166719E-1	4.531250E-2
9.013789E-1	4.414062E-2
8.792890E-1	4.296875E-2
8.521015E-1	4.140625E-2
8.215156E-1	3.984375E-2
7.892305E-1	3.828125E-2
7.546797E-1	3.632812E-2
7.155976E-1	3.437500E-2
6.731172E-1	3.203125E-2
6.295039E-1	3.007812E-2
5.841914E-1	2.773437E-2
5.394453E-1	2.539062E-2
4.918672E-1	2.304687E-2
4.357930E-1	2.031250E-2
3.763203E-1	1.718750E-2
3.134492E-1	1.406250E-2
2.534102E-1	1.132812E-2
1.962031E-1	8.203124E-3
1.389961E-1	5.468749E-3
8.518750E-2	2.734375E-3
3.364453E-2	0.000000E+0
-1.903125E-2	-2.734375E-3
-6.887500E-2	-6.249999E-3
-1.221172E-1	-1.054687E-2
-1.793242E-1	-1.445312E-2
-2.382305E-1	-1.835937E-2
-2.954375E-1	-2.187500E-2
-3.509453E-1	-2.500000E-2
-4.024883E-1	-2.773437E-2
-4.511992E-1	-3.046875E-2
-4.999101E-1	-3.281250E-2
-5.491875E-1	-3.515625E-2
-5.939336E-1	-3.750000E-2
-6.352812E-1	-3.906250E-2
-6.737969E-1	-4.101562E-2
-7.145781E-1	-4.296875E-2
-7.525273E-1	-4.453125E-2
-7.893437E-1	-4.648437E-2
-8.221953E-1	-4.804687E-2
-8.488164E-1	-4.921874E-2
-8.675078E-1	-5.039062E-2
-8.839336E-1	-5.117187E-2
-8.963945E-1	-5.156249E-2
-9.065898E-1	-5.195312E-2
-9.139531E-1	-5.234374E-2
-9.196172E-1	-5.234374E-2
-9.241484E-1	-5.273437E-2
-9.275469E-1	-5.273437E-2
-9.292461E-1	-5.273437E-2
-9.269805E-1	-5.234374E-2
-9.179180E-1	-5.195312E-2
-9.031914E-1	-5.117187E-2
-8.833672E-1	-4.999999E-2
-8.578789E-1	-4.843750E-2
-8.289922E-1	-4.687500E-2
-7.961406E-1	-4.492187E-2
-7.604570E-1	-4.296875E-2
-7.213750E-1	-4.140625E-2
-6.788945E-1	-3.906250E-2
-6.369805E-1	-3.710937E-2
-5.916680E-1	-3.476562E-2
-5.457891E-1	-3.242187E-2
-4.965117E-1	-3.007812E-2
-4.421367E-1	-2.734375E-2
-3.820976E-1	-2.421875E-2
-3.220586E-1	-2.109375E-2
-2.620195E-1	-1.835937E-2
-2.031133E-1	-1.523437E-2
-1.459062E-1	-1.250000E-2
-9.209765E-2	-1.015625E-2
-3.828906E-2	-7.031249E-3
1.325391E-2	-4.296875E-3
6.139844E-2	-7.812499E-4
1.140742E-1	3.906250E-3
1.712812E-1	8.203124E-3
2.290547E-1	1.171875E-2
2.851289E-1	1.484375E-2
3.423359E-1	1.796875E-2
3.938789E-1	2.070312E-2
4.414570E-1	2.304687E-2
4.907344E-1	2.578125E-2
5.394453E-1	2.812500E-2
5.847578E-1	3.046875E-2
6.266719E-1	3.242187E-2
6.680195E-1	3.437500E-2
7.088008E-1	3.632812E-2
7.484492E-1	3.789062E-2
7.846992E-1	3.984375E-2
8.164180E-1	4.140625E-2
8.436055E-1	4.257812E-2
8.639961E-1	4.375000E-2
8.804219E-1	4.453125E-2
8.934492E-1	4.492187E-2
9.042109E-1	4.531250E-2
9.121406E-1	4.570312E-2
9.183711E-1	4.570312E-2
9.223359E-1	4.570312E-2
9.251680E-1	4.570312E-2
9.263008E-1	4.570312E-2
9.246015E-1	4.570312E-2
9.172383E-1	4.531250E-2
9.025117E-1	4.453125E-2
8.821211E-1	4.335937E-2
8.566328E-1	4.179687E-2
8.266133E-1	4.023437E-2
7.943281E-1	3.867187E-2
7.597773E-1	3.671875E-2
7.201289E-1	3.476562E-2
6.782148E-1	3.242187E-2
6.340351E-1	3.007812E-2
5.892891E-1	2.773437E-2
5.434101E-1	2.539062E-2
4.963984E-1	2.304687E-2
4.420234E-1	2.031250E-2
3.825508E-1	1.757812E-2
3.208125E-1	1.445312E-2
2.602070E-1	1.132812E-2
2.024336E-1	8.593749E-3
1.446602E-1	5.859374E-3
9.028516E-2	3.125000E-3
3.874219E-2	0.000000E+0
-1.450000E-2	-2.734375E-3
-6.434375E-2	-5.859374E-3
-1.175859E-1	-1.015625E-2
-1.742266E-1	-1.406250E-2
-2.320000E-1	-1.796875E-2
-2.892070E-1	-2.148437E-2
-3.452812E-1	-2.460937E-2
-3.968242E-1	-2.734375E-2
-4.455351E-1	-3.007812E-2
-4.942461E-1	-3.242187E-2
-5.440898E-1	-3.476562E-2
-5.899687E-1	-3.710937E-2
-6.307500E-1	-3.906250E-2
-6.692656E-1	-4.062500E-2
-7.094805E-1	-4.257812E-2
-7.479961E-1	-4.453125E-2
-7.853789E-1	-4.609375E-2
-8.182305E-1	-4.765625E-2
-8.448515E-1	-4.921874E-2
-8.658086E-1	-4.999999E-2
-8.816680E-1	-5.078124E-2
-8.952617E-1	-5.156249E-2
-9.048906E-1	-5.195312E-2
-9.128203E-1	-5.234374E-2
-9.184844E-1	-5.234374E-2
-9.235820E-1	-5.234374E-2
-9.269805E-1	-5.234374E-2
-9.286797E-1	-5.234374E-2
-9.264140E-1	-5.234374E-2
-9.190508E-1	-5.195312E-2
-9.060234E-1	-5.117187E-2
-8.861992E-1	-4.999999E-2
-8.607109E-1	-4.843750E-2
-8.312578E-1	-4.687500E-2
-7.995390E-1	-4.531250E-2
-7.644219E-1	-4.335937E-2
-7.253398E-1	-4.140625E-2
-6.839922E-1	-3.945312E-2
-6.420781E-1	-3.710937E-2
-5.973320E-1	-3.515625E-2
-5.508867E-1	-3.281250E-2
-5.016094E-1	-3.046875E-2
-4.489336E-1	-2.773437E-2
-3.894609E-1	-2.460937E-2
-3.288555E-1	-2.148437E-2
-2.693828E-1	-1.875000E-2
-2.099102E-1	-1.562500E-2
-1.527031E-1	-1.289062E-2
-9.776172E-2	-1.015625E-2
-4.338672E-2	-7.421874E-3
8.722658E-3	-4.687500E-3
5.630078E-2	-1.171875E-3
1.084102E-1	3.515625E-3
1.644844E-1	7.812499E-3
2.228242E-1	1.132812E-2
2.788984E-1	1.484375E-2
3.372383E-1	1.757812E-2
3.893477E-1	2.070312E-2
4.374922E-1	2.304687E-2
4.867695E-1	2.539062E-2
5.360469E-1	2.773437E-2
5.813594E-1	3.007812E-2
6.232734E-1	3.203125E-2
6.646211E-1	3.398437E-2
7.054023E-1	3.593750E-2
7.444844E-1	3.789062E-2
7.813008E-1	3.984375E-2
8.141523E-1	4.140625E-2
8.413398E-1	4.257812E-2
8.628633E-1	4.375000E-2
8.792890E-1	4.453125E-2
8.928828E-1	4.492187E-2
9.036445E-1	4.531250E-2
9.115742E-1	4.570312E-2
9.178047E-1	4.570312E-2
9.223359E-1	4.570312E-2
9.257344E-1	4.609375E-2
9.274336E-1	4.609375E-2
9.268672E-1	4.570312E-2
9.189375E-1	4.531250E-2
9.053437E-1	4.453125E-2
8.843867E-1	4.335937E-2
8.588984E-1	4.218750E-2
8.283125E-1	4.023437E-2
7.965937E-1	3.867187E-2
7.626094E-1	3.671875E-2
7.235273E-1	3.476562E-2
6.821797E-1	3.281250E-2
6.380000E-1	3.046875E-2
5.938203E-1	2.812500E-2
5.485078E-1	2.578125E-2
5.020625E-1	2.343750E-2
4.482539E-1	2.070312E-2
3.887812E-1	1.796875E-2
3.259102E-1	1.484375E-2
2.653047E-1	1.171875E-2
2.075312E-1	8.984374E-3
1.491914E-1	6.249999E-3
9.481641E-2	3.515625E-3
4.327344E-2	3.906250E-4
-9.968748E-3	-2.343750E-3
-5.924609E-2	-5.859374E-3
-1.130547E-1	-9.765624E-3
-1.696953E-1	-1.367187E-2
-2.274687E-1	-1.796875E-2
-2.858086E-1	-2.148437E-2
-3.418828E-1	-2.460937E-2
-3.934258E-1	-2.734375E-2
-4.427031E-1	-3.007812E-2
-4.908476E-1	-3.242187E-2
-5.401250E-1	-3.476562E-2
-5.871367E-1	-3.710937E-2
-6.279180E-1	-3.906250E-2
-6.675664E-1	-4.062500E-2
-7.072148E-1	-4.257812E-2
-7.462969E-1	-4.414062E-2
-7.825469E-1	-4.609375E-2
-8.165312E-1	-4.765625E-2
-8.442851E-1	-4.921874E-2
-8.652422E-1	-4.999999E-2
-8.811015E-1	-5.078124E-2
-8.941289E-1	-5.156249E-2
-9.043242E-1	-5.195312E-2
-9.122539E-1	-5.234374E-2
-9.190508E-1	-5.234374E-2
-9.235820E-1	-5.234374E-2
-9.269805E-1	-5.234374E-2
-9.286797E-1	-5.234374E-2
-9.275469E-1	-5.234374E-2
-9.207500E-1	-5.195312E-2
-9.077226E-1	-5.117187E-2
-8.884648E-1	-4.999999E-2
-8.629765E-1	-4.843750E-2
-8.340898E-1	-4.687500E-2
-8.029375E-1	-4.531250E-2
-7.678203E-1	-4.335937E-2
-7.287383E-1	-4.140625E-2
-6.873906E-1	-3.945312E-2
-6.454765E-1	-3.750000E-2
-6.001641E-1	-3.515625E-2
-5.548516E-1	-3.281250E-2
-5.061406E-1	-3.046875E-2
-4.523320E-1	-2.773437E-2
-3.934258E-1	-2.500000E-2
-3.339531E-1	-2.187500E-2
-2.744805E-1	-1.875000E-2
-2.144414E-1	-1.562500E-2
-1.572344E-1	-1.289062E-2
-1.022930E-1	-1.054687E-2
-4.848437E-2	-7.812499E-3
3.625002E-3	-5.078124E-3
5.233594E-2	-1.562500E-3
1.038789E-1	2.734375E-3
1.599531E-1	7.031249E-3
2.177266E-1	1.093750E-2
2.738008E-1	1.445312E-2
3.315742E-1	1.757812E-2
3.848164E-1	2.031250E-2
4.329609E-1	2.265625E-2
4.822383E-1	2.500000E-2
5.309492E-1	2.773437E-2
5.773945E-1	3.007812E-2
6.193086E-1	3.203125E-2
6.606562E-1	3.398437E-2
7.020039E-1	3.593750E-2
7.416523E-1	3.750000E-2
7.790351E-1	3.945312E-2
8.113203E-1	4.101562E-2
8.396406E-1	4.257812E-2
8.611640E-1	4.335937E-2
8.781562E-1	4.414062E-2
8.923164E-1	4.492187E-2
9.030781E-1	4.531250E-2
9.115742E-1	4.531250E-2
9.172383E-1	4.570312E-2
9.217695E-1	4.570312E-2
9.251680E-1	4.570312E-2
9.268672E-1	4.570312E-2
9.263008E-1	4.570312E-2
9.195039E-1	4.531250E-2
9.064765E-1	4.453125E-2
8.872187E-1	4.335937E-2
8.622969E-1	4.218750E-2
8.322773E-1	4.023437E-2
8.011250E-1	3.867187E-2
7.665742E-1	3.710937E-2
7.280586E-1	3.515625E-2
6.861445E-1	3.281250E-2
6.419648E-1	3.046875E-2
5.977851E-1	2.812500E-2
5.524726E-1	2.578125E-2
5.065937E-1	2.343750E-2
4.533516E-1	2.070312E-2
3.944453E-1	1.796875E-2
3.321406E-1	1.484375E-2
2.709687E-1	1.210937E-2
2.126289E-1	8.984374E-3
1.548555E-1	6.249999E-3
9.991406E-2	3.515625E-3
4.837109E-2	7.812499E-4
-4.304686E-3	-2.343750E-3
-5.471484E-2	-5.468749E-3
-1.085234E-1	-9.374999E-3
-1.640312E-1	-1.328125E-2
-2.212383E-1	-1.757812E-2
-2.790117E-1	-2.109375E-2
-3.350859E-1	-2.421875E-2
-3.877617E-1	-2.695312E-2
-4.376055E-1	-2.968750E-2
-4.863164E-1	-3.242187E-2
-5.355937E-1	-3.476562E-2
-5.826055E-1	-3.710937E-2
-6.245195E-1	-3.867187E-2
-6.630351E-1	-4.062500E-2
-7.032500E-1	-4.257812E-2
-7.423320E-1	-4.414062E-2
-7.791484E-1	-4.609375E-2
-8.131328E-1	-4.765625E-2
-8.414531E-1	-4.921874E-2
-8.629765E-1	-4.999999E-2
-8.794023E-1	-5.078124E-2
-8.935625E-1	-5.156249E-2
-9.037578E-1	-5.195312E-2
-9.122539E-1	-5.234374E-2
-9.184844E-1	-5.234374E-2
-9.230156E-1	-5.234374E-2
-9.269805E-1	-5.234374E-2
-9.292461E-1	-5.273437E-2
-9.281133E-1	-5.234374E-2
-9.224492E-1	-5.195312E-2
-9.094219E-1	-5.117187E-2
-8.907305E-1	-5.039062E-2
-8.658086E-1	-4.882812E-2
-8.369219E-1	-4.726562E-2
-8.057695E-1	-4.570312E-2
-7.706523E-1	-4.375000E-2
-7.321367E-1	-4.179687E-2
-6.919219E-1	-3.984375E-2
-6.500078E-1	-3.789062E-2
-6.058281E-1	-3.554687E-2
-5.599492E-1	-3.320312E-2
-5.118047E-1	-3.085937E-2
-4.596953E-1	-2.812500E-2
-4.013555E-1	-2.539062E-2
-3.418828E-1	-2.226562E-2
-2.807109E-1	-1.914062E-2
-2.212383E-1	-1.640625E-2
-1.640312E-1	-1.328125E-2
-1.079570E-1	-1.093750E-2
-5.471484E-2	-8.203124E-3
-1.472655E-3	-5.468749E-3
4.667188E-2	-1.953125E-3
9.764844E-2	2.343750E-3
1.531562E-1	6.640624E-3
2.103633E-1	1.054687E-2
2.670039E-1	1.406250E-2
3.253437E-1	1.718750E-2
3.785859E-1	1.992187E-2
4.272969E-1	2.226562E-2
4.765742E-1	2.500000E-2
5.252851E-1	2.734375E-2
5.717305E-1	2.968750E-2
6.136445E-1	3.164062E-2
6.549922E-1	3.359375E-2
6.957734E-1	3.554687E-2
7.354219E-1	3.750000E-2
7.733711E-1	3.906250E-2
8.073555E-1	4.101562E-2
8.362422E-1	4.218750E-2
8.594648E-1	4.335937E-2
8.758906E-1	4.414062E-2
8.900508E-1	4.492187E-2
9.019453E-1	4.531250E-2
9.104414E-1	4.531250E-2
9.166719E-1	4.570312E-2
9.212031E-1	4.570312E-2
9.251680E-1	4.570312E-2
9.268672E-1	4.570312E-2
9.274336E-1	4.570312E-2
9.212031E-1	4.531250E-2
9.081758E-1	4.453125E-2
8.883515E-1	4.335937E-2
8.634297E-1	4.218750E-2
8.345430E-1	4.062500E-2
8.028242E-1	3.867187E-2
7.694062E-1	3.710937E-2
7.320234E-1	3.515625E-2
6.912422E-1	3.320312E-2
6.470625E-1	3.085937E-2
6.034492E-1	2.851562E-2
5.575703E-1	2.617187E-2
5.111250E-1	2.382812E-2
4.590156E-1	2.109375E-2
4.006758E-1	1.835937E-2
3.389375E-1	1.523437E-2
2.771992E-1	1.210937E-2
2.194258E-1	9.374999E-3
1.610859E-1	6.640624E-3
1.061445E-1	3.906250E-3
5.346875E-2	7.812499E-4
-3.398421E-4	-1.953125E-3
-4.961718E-2	-5.078124E-3
-1.028594E-1	-8.984374E-3
-1.589336E-1	-1.289062E-2
-2.167070E-1	-1.718750E-2
-2.750469E-1	-2.070312E-2
-3.311211E-1	-2.382812E-2
-3.837969E-1	-2.695312E-2
-4.330742E-1	-2.968750E-2
-4.806523E-1	-3.203125E-2
-5.304961E-1	-3.437500E-2
-5.780742E-1	-3.671875E-2
-6.194219E-1	-3.867187E-2
-6.590703E-1	-4.023437E-2
-6.987187E-1	-4.218750E-2
-7.372344E-1	-4.414062E-2
-7.757500E-1	-4.570312E-2
-8.103008E-1	-4.765625E-2
-8.391875E-1	-4.882812E-2
-8.607109E-1	-4.999999E-2
-8.777031E-1	-5.078124E-2
-8.918633E-1	-5.156249E-2
-9.026250E-1	-5.195312E-2
-9.116875E-1	-5.234374E-2
-9.179180E-1	-5.273437E-2
-9.230156E-1	-5.273437E-2
-9.264140E-1	-5.273437E-2
-9.292461E-1	-5.273437E-2
-9.292461E-1	-5.273437E-2
-9.235820E-1	-5.234374E-2
-9.105547E-1	-5.156249E-2
-8.924297E-1	-5.039062E-2
-8.686406E-1	-4.921874E-2
-8.414531E-1	-4.765625E-2
-8.097344E-1	-4.570312E-2
-7.751836E-1	-4.375000E-2
-7.366680E-1	-4.179687E-2
-6.958867E-1	-3.984375E-2
-6.545390E-1	-3.789062E-2
-6.103594E-1	-3.593750E-2
-5.639141E-1	-3.359375E-2
-5.163359E-1	-3.125000E-2
-4.647930E-1	-2.851562E-2
-4.064531E-1	-2.578125E-2
-3.469805E-1	-2.265625E-2
-2.863750E-1	-1.953125E-2
-2.269023E-1	-1.640625E-2
-1.679961E-1	-1.367187E-2
-1.130547E-1	-1.093750E-2
-5.924609E-2	-8.593749E-3
-6.570311E-3	-5.859374E-3
4.157422E-2	-2.343750E-3
9.255078E-2	1.953125E-3
1.486250E-1	6.249999E-3
2.063984E-1	1.015625E-2
2.630391E-1	1.367187E-2
3.202461E-1	1.679687E-2
3.746211E-1	1.953125E-2
4.238984E-1	2.226562E-2
4.720430E-1	2.460937E-2
5.213203E-1	2.734375E-2
5.683320E-1	2.968750E-2
6.113789E-1	3.164062E-2
6.521601E-1	3.359375E-2
6.929414E-1	3.554687E-2
7.331562E-1	3.750000E-2
7.711055E-1	3.906250E-2
8.045234E-1	4.062500E-2
8.334101E-1	4.218750E-2
8.566328E-1	4.335937E-2
8.741914E-1	4.414062E-2
8.883515E-1	4.453125E-2
8.991133E-1	4.531250E-2
9.087422E-1	4.531250E-2
9.155390E-1	4.570312E-2
9.200703E-1	4.570312E-2
9.229023E-1	4.570312E-2
9.251680E-1	4.570312E-2
9.251680E-1	4.570312E-2
9.189375E-1	4.531250E-2
9.064765E-1	4.453125E-2
8.889180E-1	4.335937E-2
8.651289E-1	4.218750E-2
8.362422E-1	4.062500E-2
8.050898E-1	3.906250E-2
7.728047E-1	3.710937E-2
7.348555E-1	3.515625E-2
6.929414E-1	3.320312E-2
6.504609E-1	3.085937E-2
6.062812E-1	2.890625E-2
5.609687E-1	2.656250E-2
5.150898E-1	2.382812E-2
4.641133E-1	2.148437E-2
4.057734E-1	1.835937E-2
3.446016E-1	1.523437E-2
2.828633E-1	1.250000E-2
2.245234E-1	9.765624E-3
1.656172E-1	7.031249E-3
1.095430E-1	4.296875E-3
5.800000E-2	1.171875E-3
4.191408E-3	-1.562500E-3
-4.508594E-2	-4.687500E-3
-9.776172E-2	-8.593749E-3
-1.538359E-1	-1.250000E-2
-2.099102E-1	-1.640625E-2
-2.682500E-1	-2.031250E-2
-3.248906E-1	-2.382812E-2
-3.786992E-1	-2.656250E-2
-4.274101E-1	-2.929687E-2
-4.766875E-1	-3.164062E-2
-5.259648E-1	-3.398437E-2
-5.729766E-1	-3.632812E-2
-6.160234E-1	-3.828125E-2
-6.556719E-1	-4.023437E-2
-6.947539E-1	-4.218750E-2
-7.338359E-1	-4.375000E-2
-7.712187E-1	-4.570312E-2
-8.069023E-1	-4.726562E-2
-8.357890E-1	-4.882812E-2
-8.578789E-1	-4.999999E-2
-8.754375E-1	-5.078124E-2
-8.895976E-1	-5.156249E-2
-9.014922E-1	-5.195312E-2
-9.099883E-1	-5.234374E-2
-9.167851E-1	-5.234374E-2
-9.218828E-1	-5.234374E-2
-9.252812E-1	-5.273437E-2
-9.281133E-1	-5.234374E-2
-9.281133E-1	-5.234374E-2
-9.230156E-1	-5.195312E-2
-9.111211E-1	-5.156249E-2
-8.941289E-1	-5.039062E-2
-8.697734E-1	-4.921874E-2
-8.420195E-1	-4.765625E-2
-8.108672E-1	-4.570312E-2
-7.768828E-1	-4.414062E-2
-7.389336E-1	-4.218750E-2
-6.992851E-1	-4.023437E-2
-6.573711E-1	-3.828125E-2
-6.143242E-1	-3.593750E-2
-5.690117E-1	-3.359375E-2
-5.208672E-1	-3.125000E-2
-4.693242E-1	-2.890625E-2
-4.115508E-1	-2.578125E-2
-3.520781E-1	-2.265625E-2
-2.909062E-1	-1.992187E-2
-2.308672E-1	-1.679687E-2
-1.725273E-1	-1.367187E-2
-1.164531E-1	-1.132812E-2
-6.321093E-2	-8.593749E-3
-1.053515E-2	-5.859374E-3
3.817578E-2	-2.734375E-3
8.915234E-2	1.562500E-3
1.440937E-1	6.249999E-3
2.007344E-1	9.765624E-3
2.573750E-1	1.328125E-2
3.151484E-1	1.640625E-2
3.695234E-1	1.953125E-2
4.193672E-1	2.187500E-2
4.675117E-1	2.421875E-2
5.167891E-1	2.695312E-2
5.632344E-1	2.929687E-2
6.062812E-1	3.125000E-2
6.470625E-1	3.320312E-2
6.878437E-1	3.515625E-2
7.286250E-1	3.710937E-2
7.665742E-1	3.906250E-2
8.011250E-1	4.062500E-2
8.305781E-1	4.218750E-2
8.543672E-1	4.335937E-2
8.724922E-1	4.414062E-2
8.872187E-1	4.453125E-2
8.991133E-1	4.492187E-2
9.076094E-1	4.531250E-2
9.149726E-1	4.570312E-2
9.200703E-1	4.570312E-2
9.240351E-1	4.570312E-2
9.263008E-1	4.570312E-2
9.263008E-1	4.570312E-2
9.206367E-1	4.531250E-2
9.087422E-1	4.453125E-2
8.894844E-1	4.375000E-2
8.651289E-1	4.218750E-2
8.362422E-1	4.062500E-2
8.050898E-1	3.906250E-2
7.728047E-1	3.710937E-2
7.365547E-1	3.554687E-2
6.969062E-1	3.359375E-2
6.538594E-1	3.125000E-2
6.096797E-1	2.890625E-2
5.655000E-1	2.656250E-2
5.201875E-1	2.421875E-2
4.686445E-1	2.187500E-2
4.108711E-1	1.875000E-2
3.502656E-1	1.562500E-2
2.885273E-1	1.289062E-2
2.290547E-1	1.015625E-2
1.707148E-1	7.031249E-3
1.152070E-1	4.296875E-3
6.309766E-2	1.562500E-3
9.855470E-3	-1.171875E-3
-4.055469E-2	-4.296875E-3
-9.209765E-2	-8.203124E-3
-1.470391E-1	-1.210937E-2
-2.042461E-1	-1.601562E-2
-2.620195E-1	-1.992187E-2
-3.192266E-1	-2.343750E-2
-3.736016E-1	-2.617187E-2
-4.228789E-1	-2.890625E-2
-4.721562E-1	-3.164062E-2
-5.214336E-1	-3.398437E-2
-5.690117E-1	-3.632812E-2
-6.114922E-1	-3.828125E-2
-6.517070E-1	-3.984375E-2
-6.902226E-1	-4.179687E-2
-7.298711E-1	-4.375000E-2
-7.678203E-1	-4.531250E-2
-8.029375E-1	-4.726562E-2
-8.329570E-1	-4.882812E-2
-8.567461E-1	-4.999999E-2
-8.737383E-1	-5.078124E-2
-8.884648E-1	-5.117187E-2
-9.003594E-1	-5.156249E-2
-9.094219E-1	-5.195312E-2
-9.156523E-1	-5.234374E-2
-9.207500E-1	-5.273437E-2
-9.247148E-1	-5.273437E-2
-9.269805E-1	-5.273437E-2
-9.275469E-1	-5.234374E-2
-9.218828E-1	-5.195312E-2
-9.111211E-1	-5.156249E-2
-8.941289E-1	-5.039062E-2
-8.709062E-1	-4.921874E-2
-8.437187E-1	-4.765625E-2
-8.136992E-1	-4.609375E-2
-7.797148E-1	-4.414062E-2
-7.428984E-1	-4.218750E-2
-7.032500E-1	-4.023437E-2
-6.607695E-1	-3.828125E-2
-6.177226E-1	-3.632812E-2
-5.718437E-1	-3.398437E-2
-5.242656E-1	-3.164062E-2
-4.744219E-1	-2.890625E-2
-4.172148E-1	-2.617187E-2
-3.566094E-1	-2.304687E-2
-2.960039E-1	-2.031250E-2
-2.359648E-1	-1.718750E-2
-1.770586E-1	-1.406250E-2
-1.215508E-1	-1.132812E-2
-6.830859E-2	-8.984374E-3
-1.506640E-2	-6.249999E-3
3.421094E-2	-3.125000E-3
8.405469E-2	1.171875E-3
1.384297E-1	5.468749E-3
1.956367E-1	9.765624E-3
2.522773E-1	1.289062E-2
3.094844E-1	1.640625E-2
3.649922E-1	1.914062E-2
4.142695E-1	2.187500E-2
4.618476E-1	2.421875E-2
5.116914E-1	2.656250E-2
5.587031E-1	2.890625E-2
6.023164E-1	3.125000E-2
6.430976E-1	3.320312E-2
6.838789E-1	3.515625E-2
7.235273E-1	3.671875E-2
7.620430E-1	3.867187E-2
7.965937E-1	4.023437E-2
8.271797E-1	4.179687E-2
8.521015E-1	4.296875E-2
8.696601E-1	4.375000E-2
8.843867E-1	4.453125E-2
8.962812E-1	4.492187E-2
9.064765E-1	4.531250E-2
9.132734E-1	4.570312E-2
9.183711E-1	4.570312E-2
9.223359E-1	4.570312E-2
9.246015E-1	4.570312E-2
9.251680E-1	4.570312E-2
9.206367E-1	4.531250E-2
9.098750E-1	4.453125E-2
8.923164E-1	4.375000E-2
8.690937E-1	4.257812E-2
8.419062E-1	4.101562E-2
8.107539E-1	3.906250E-2
7.784687E-1	3.750000E-2
7.416523E-1	3.554687E-2
7.008711E-1	3.359375E-2
6.572578E-1	3.125000E-2
6.136445E-1	2.929687E-2
5.683320E-1	2.695312E-2
5.230195E-1	2.421875E-2
4.737422E-1	2.187500E-2
4.176680E-1	1.914062E-2
3.559297E-1	1.601562E-2
2.941914E-1	1.289062E-2
2.352852E-1	1.015625E-2
1.775117E-1	7.421874E-3
1.220039E-1	4.687500E-3
6.932813E-2	1.953125E-3
1.665235E-2	-7.812499E-4
-3.432422E-2	-3.906250E-3
-8.586718E-2	-7.812499E-3
-1.408086E-1	-1.171875E-2
-1.980156E-1	-1.562500E-2
-2.557891E-1	-1.953125E-2
-3.129961E-1	-2.304687E-2
-3.685039E-1	-2.617187E-2
-4.172148E-1	-2.890625E-2
-4.670586E-1	-3.125000E-2
-5.157695E-1	-3.359375E-2
-5.639141E-1	-3.593750E-2
-6.069609E-1	-3.789062E-2
-6.477422E-1	-3.984375E-2
-6.862578E-1	-4.179687E-2
-7.259062E-1	-4.335937E-2
-7.644219E-1	-4.531250E-2
-8.001055E-1	-4.687500E-2
-8.306914E-1	-4.843750E-2
-8.544805E-1	-4.960937E-2
-8.726055E-1	-5.078124E-2
-8.873320E-1	-5.117187E-2
-8.992265E-1	-5.195312E-2
-9.082890E-1	-5.195312E-2
-9.150859E-1	-5.234374E-2
-9.201836E-1	-5.234374E-2
-9.241484E-1	-5.273437E-2
-9.269805E-1	-5.273437E-2
-9.286797E-1	-5.273437E-2
-9.252812E-1	-5.234374E-2
-9.145195E-1	-5.156249E-2
-8.986601E-1	-5.078124E-2
-8.754375E-1	-4.921874E-2
-8.482500E-1	-4.804687E-2
-8.176640E-1	-4.609375E-2
-7.836797E-1	-4.453125E-2
-7.462969E-1	-4.257812E-2
-7.083476E-1	-4.062500E-2
-6.658672E-1	-3.867187E-2
-6.233867E-1	-3.632812E-2
-5.775078E-1	-3.398437E-2
-5.299297E-1	-3.203125E-2
-4.800859E-1	-2.929687E-2
-4.228789E-1	-2.617187E-2
-3.628398E-1	-2.343750E-2
-3.022344E-1	-2.031250E-2
-2.421953E-1	-1.718750E-2
-1.827227E-1	-1.445312E-2
-1.272148E-1	-1.171875E-2
-7.397265E-2	-8.984374E-3
-2.016406E-2	-6.249999E-3
2.911328E-2	-3.125000E-3
7.895703E-2	7.812499E-4
1.327656E-1	5.468749E-3
1.899727E-1	9.374999E-3
2.471797E-1	1.289062E-2
3.043867E-1	1.601562E-2
3.598945E-1	1.875000E-2
4.097383E-1	2.148437E-2
4.567500E-1	2.382812E-2
5.071601E-1	2.617187E-2
5.541719E-1	2.890625E-2
5.977851E-1	3.085937E-2
6.391328E-1	3.281250E-2
6.799141E-1	3.476562E-2
7.206953E-1	3.671875E-2
7.592109E-1	3.867187E-2
7.943281E-1	4.023437E-2
8.249140E-1	4.179687E-2
8.504023E-1	4.296875E-2
8.685273E-1	4.375000E-2
8.838203E-1	4.453125E-2
8.962812E-1	4.492187E-2
9.064765E-1	4.531250E-2
9.138398E-1	4.570312E-2
9.189375E-1	4.570312E-2
9.229023E-1	4.570312E-2
9.257344E-1	4.570312E-2
9.263008E-1	4.570312E-2
9.223359E-1	4.531250E-2
9.115742E-1	4.492187E-2
8.940156E-1	4.375000E-2
8.713594E-1	4.257812E-2
8.436055E-1	4.101562E-2
8.135859E-1	3.945312E-2
7.813008E-1	3.789062E-2
7.456172E-1	3.593750E-2
7.059687E-1	3.398437E-2
6.634883E-1	3.164062E-2
6.187422E-1	2.968750E-2
5.739961E-1	2.695312E-2
5.281172E-1	2.460937E-2
4.788398E-1	2.226562E-2
4.221992E-1	1.953125E-2
3.610273E-1	1.640625E-2
2.992891E-1	1.328125E-2
2.403828E-1	1.054687E-2
1.820430E-1	7.812499E-3
1.259687E-1	5.078124E-3
7.272656E-2	1.953125E-3
2.005078E-2	-7.812499E-4
-3.092578E-2	-3.515625E-3
-8.133593E-2	-7.421874E-3
-1.357109E-1	-1.132812E-2
-1.929180E-1	-1.523437E-2
-2.506914E-1	-1.914062E-2
-3.084648E-1	-2.265625E-2
-3.634062E-1	-2.578125E-2
-4.132500E-1	-2.851562E-2
-4.625273E-1	-3.085937E-2
-5.118047E-1	-3.359375E-2
-5.599492E-1	-3.593750E-2
-6.041289E-1	-3.789062E-2
-6.449101E-1	-3.945312E-2
-6.834258E-1	-4.140625E-2
-7.225078E-1	-4.335937E-2
-7.610234E-1	-4.492187E-2
-7.967070E-1	-4.687500E-2
-8.278594E-1	-4.843750E-2
-8.527812E-1	-4.960937E-2
-8.709062E-1	-5.039062E-2
-8.867656E-1	-5.117187E-2
-8.980937E-1	-5.156249E-2
-9.065898E-1	-5.195312E-2
-9.139531E-1	-5.234374E-2
-9.190508E-1	-5.234374E-2
-9.235820E-1	-5.234374E-2
-9.269805E-1	-5.234374E-2
-9.275469E-1	-5.234374E-2
-9.235820E-1	-5.195312E-2
-9.133867E-1	-5.156249E-2
-8.980937E-1	-5.078124E-2
-8.765703E-1	-4.921874E-2
-8.499492E-1	-4.804687E-2
-8.199297E-1	-4.648437E-2
-7.865117E-1	-4.453125E-2
-7.502617E-1	-4.257812E-2
-7.111797E-1	-4.062500E-2
-6.698320E-1	-3.867187E-2
-6.267851E-1	-3.671875E-2
-5.809062E-1	-3.437500E-2
-5.344609E-1	-3.203125E-2
-4.840508E-1	-2.968750E-2
-4.285430E-1	-2.656250E-2
-3.690703E-1	-2.343750E-2
-3.084648E-1	-2.070312E-2
-2.484258E-1	-1.757812E-2
-1.889531E-1	-1.445312E-2
-1.328789E-1	-1.210937E-2
-7.907031E-2	-9.374999E-3
-2.639453E-2	-6.640624E-3
2.458203E-2	-3.515625E-3
7.329297E-2	3.906250E-4
1.271016E-1	4.687500E-3
1.831758E-1	8.984374E-3
2.403828E-1	1.250000E-2
2.975898E-1	1.562500E-2
3.542305E-1	1.875000E-2
4.040742E-1	2.109375E-2
4.510859E-1	2.343750E-2
5.014961E-1	2.617187E-2
5.496406E-1	2.851562E-2
5.932539E-1	3.085937E-2
6.346016E-1	3.281250E-2
6.759492E-1	3.476562E-2
7.167305E-1	3.671875E-2
7.546797E-1	3.828125E-2
7.909297E-1	4.023437E-2
8.220820E-1	4.179687E-2
8.475703E-1	4.296875E-2
8.668281E-1	4.375000E-2
8.826875E-1	4.453125E-2
8.945820E-1	4.492187E-2
9.042109E-1	4.531250E-2
9.115742E-1	4.570312E-2
9.172383E-1	4.570312E-2
9.217695E-1	4.570312E-2
9.240351E-1	4.570312E-2
9.246015E-1	4.570312E-2
9.217695E-1	4.531250E-2
9.121406E-1	4.492187E-2
8.962812E-1	4.414062E-2
8.741914E-1	4.257812E-2
8.475703E-1	4.140625E-2
8.169844E-1	3.945312E-2
7.846992E-1	3.789062E-2
7.495820E-1	3.593750E-2
7.088008E-1	3.398437E-2
6.663203E-1	3.203125E-2
6.215742E-1	2.968750E-2
5.768281E-1	2.734375E-2
5.315156E-1	2.460937E-2
4.839375E-1	2.226562E-2
4.284297E-1	1.992187E-2
3.683906E-1	1.679687E-2
3.060859E-1	1.367187E-2
2.466133E-1	1.093750E-2
1.894062E-1	7.812499E-3
1.327656E-1	5.078124E-3
7.952344E-2	2.343750E-3
2.741406E-2	-3.906250E-4
-2.412890E-2	-3.125000E-3
-7.340625E-2	-6.640624E-3
-1.283477E-1	-1.093750E-2
-1.849883E-1	-1.484375E-2
-2.433281E-1	-1.875000E-2
-3.005351E-1	-2.226562E-2
-3.560430E-1	-2.539062E-2
-4.064531E-1	-2.812500E-2
-4.562969E-1	-3.046875E-2
-5.050078E-1	-3.320312E-2
-5.537187E-1	-3.554687E-2
-5.978984E-1	-3.750000E-2
-6.398125E-1	-3.945312E-2
-6.777617E-1	-4.101562E-2
-7.174101E-1	-4.296875E-2
-7.559258E-1	-4.492187E-2
-7.927422E-1	-4.648437E-2
-8.244609E-1	-4.843750E-2
-8.493828E-1	-4.960937E-2
-8.680742E-1	-5.039062E-2
-8.833672E-1	-5.117187E-2
-8.958281E-1	-5.156249E-2
-9.060234E-1	-5.195312E-2
-9.139531E-1	-5.234374E-2
-9.196172E-1	-5.234374E-2
-9.235820E-1	-5.234374E-2
-9.258476E-1	-5.273437E-2
-9.275469E-1	-5.234374E-2
-9.252812E-1	-5.234374E-2
-9.167851E-1	-5.156249E-2
-9.014922E-1	-5.078124E-2
-8.799687E-1	-4.960937E-2
-8.533476E-1	-4.804687E-2
-8.238945E-1	-4.648437E-2
-7.910430E-1	-4.453125E-2
-7.542265E-1	-4.296875E-2
-7.157109E-1	-4.101562E-2
-6.749297E-1	-3.906250E-2
-6.324492E-1	-3.671875E-2
-5.871367E-1	-3.476562E-2
-5.406914E-1	-3.242187E-2
-4.902812E-1	-3.007812E-2
-4.347734E-1	-2.695312E-2
-3.753008E-1	-2.421875E-2
-3.152617E-1	-2.109375E-2
-2.552227E-1	-1.796875E-2
-1.963164E-1	-1.484375E-2
-1.391094E-1	-1.250000E-2
-8.473437E-2	-9.765624E-3
-2.979297E-2	-7.031249E-3
