X (Volt)	Y (Volt)
-6.151172E-2	-4.687500E-3
-9.968748E-3	-2.734375E-3
3.874219E-2	-7.812499E-4
8.518750E-2	1.562500E-3
1.355977E-1	3.906250E-3
1.882734E-1	6.249999E-3
2.420820E-1	8.593749E-3
2.947578E-1	1.093750E-2
3.474336E-1	1.328125E-2
3.955781E-1	1.523437E-2
4.408906E-1	1.757812E-2
4.884687E-1	1.953125E-2
5.349141E-1	2.187500E-2
5.785273E-1	2.382812E-2
6.176094E-1	2.578125E-2
6.566914E-1	2.734375E-2
6.940742E-1	2.929687E-2
7.308906E-1	3.085937E-2
7.648750E-1	3.242187E-2
7.931953E-1	3.359375E-2
8.158515E-1	3.476562E-2
8.328437E-1	3.554687E-2
8.458711E-1	3.593750E-2
8.566328E-1	3.632812E-2
8.651289E-1	3.671875E-2
8.713594E-1	3.671875E-2
8.764570E-1	3.710937E-2
8.792890E-1	3.710937E-2
8.826875E-1	3.710937E-2
8.832539E-1	3.710937E-2
8.798555E-1	3.671875E-2
8.696601E-1	3.632812E-2
8.532344E-1	3.515625E-2
8.311445E-1	3.398437E-2
8.050898E-1	3.281250E-2
7.767695E-1	3.164062E-2
7.450508E-1	3.007812E-2
7.116328E-1	2.812500E-2
6.731172E-1	2.617187E-2
6.317695E-1	2.421875E-2
5.881562E-1	2.226562E-2
5.439766E-1	1.992187E-2
4.980976E-1	1.757812E-2
4.493867E-1	1.523437E-2
3.944453E-1	1.289062E-2
3.361055E-1	1.054687E-2
2.766328E-1	7.812499E-3
2.205586E-1	5.078124E-3
1.633516E-1	2.343750E-3
1.089766E-1	0.000000E+0
5.856641E-2	-2.343750E-3
7.589845E-3	-4.687500E-3
-4.338672E-2	-6.640624E-3
-9.323047E-2	-8.984374E-3
-1.430742E-1	-1.132812E-2
-1.957500E-1	-1.328125E-2
-2.512578E-1	-1.562500E-2
-3.045000E-1	-1.796875E-2
-3.571758E-1	-2.031250E-2
-4.036211E-1	-2.265625E-2
-4.506328E-1	-2.460937E-2
-4.976445E-1	-2.695312E-2
-5.452226E-1	-2.929687E-2
-5.871367E-1	-3.125000E-2
-6.267851E-1	-3.281250E-2
-6.630351E-1	-3.476562E-2
-6.998515E-1	-3.632812E-2
-7.361015E-1	-3.789062E-2
-7.695195E-1	-3.906250E-2
-7.995390E-1	-4.023437E-2
-8.216289E-1	-4.140625E-2
-8.374883E-1	-4.218750E-2
-8.510820E-1	-4.257812E-2
-8.618437E-1	-4.296875E-2
-8.697734E-1	-4.335937E-2
-8.760039E-1	-4.335937E-2
-8.805351E-1	-4.335937E-2
-8.839336E-1	-4.375000E-2
-8.861992E-1	-4.375000E-2
-8.873320E-1	-4.375000E-2
-8.839336E-1	-4.335937E-2
-8.748711E-1	-4.296875E-2
-8.590117E-1	-4.218750E-2
-8.380547E-1	-4.101562E-2
-8.114336E-1	-3.984375E-2
-7.814140E-1	-3.828125E-2
-7.491289E-1	-3.671875E-2
-7.145781E-1	-3.515625E-2
-6.766289E-1	-3.320312E-2
-6.375469E-1	-3.125000E-2
-5.939336E-1	-2.929687E-2
-5.480547E-1	-2.695312E-2
-5.010430E-1	-2.460937E-2
-4.517656E-1	-2.226562E-2
-3.962578E-1	-1.992187E-2
-3.384844E-1	-1.718750E-2
-2.801445E-1	-1.445312E-2
-2.206719E-1	-1.210937E-2
-1.634648E-1	-9.374999E-3
-1.090898E-1	-7.031249E-3
-5.698047E-2	-4.687500E-3
-6.003904E-3	-2.343750E-3
4.327344E-2	-3.906250E-4
9.085156E-2	1.953125E-3
1.406953E-1	4.296875E-3
1.939375E-1	6.640624E-3
2.471797E-1	8.984374E-3
3.004219E-1	1.132812E-2
3.530977E-1	1.328125E-2
3.989766E-1	1.562500E-2
4.448555E-1	1.757812E-2
4.924336E-1	1.992187E-2
5.394453E-1	2.187500E-2
5.819258E-1	2.421875E-2
6.215742E-1	2.578125E-2
6.600898E-1	2.773437E-2
6.974726E-1	2.929687E-2
7.331562E-1	3.085937E-2
7.671406E-1	3.242187E-2
7.954609E-1	3.359375E-2
8.175508E-1	3.476562E-2
8.351094E-1	3.554687E-2
8.475703E-1	3.593750E-2
8.583320E-1	3.632812E-2
8.662617E-1	3.671875E-2
8.736250E-1	3.671875E-2
8.775898E-1	3.710937E-2
8.815547E-1	3.710937E-2
8.838203E-1	3.710937E-2
8.832539E-1	3.710937E-2
8.792890E-1	3.671875E-2
8.685273E-1	3.593750E-2
8.515351E-1	3.515625E-2
8.294453E-1	3.437500E-2
8.022578E-1	3.281250E-2
7.739375E-1	3.125000E-2
7.427851E-1	3.007812E-2
7.088008E-1	2.812500E-2
6.702851E-1	2.617187E-2
6.289375E-1	2.421875E-2
5.853242E-1	2.187500E-2
5.400117E-1	1.992187E-2
4.946992E-1	1.757812E-2
4.448555E-1	1.523437E-2
3.899141E-1	1.250000E-2
3.304414E-1	1.015625E-2
2.726680E-1	7.421874E-3
2.160273E-1	5.078124E-3
1.593867E-1	2.343750E-3
1.055781E-1	0.000000E+0
5.516797E-2	-2.734375E-3
4.191408E-3	-4.687500E-3
-4.565234E-2	-7.031249E-3
-9.492968E-2	-8.984374E-3
-1.459062E-1	-1.132812E-2
-1.997148E-1	-1.328125E-2
-2.546562E-1	-1.562500E-2
-3.084648E-1	-1.796875E-2
-3.600078E-1	-2.070312E-2
-4.064531E-1	-2.265625E-2
-4.528984E-1	-2.460937E-2
-5.004766E-1	-2.695312E-2
-5.469219E-1	-2.929687E-2
-5.894023E-1	-3.125000E-2
-6.284844E-1	-3.281250E-2
-6.658672E-1	-3.476562E-2
-7.021172E-1	-3.632812E-2
-7.372344E-1	-3.789062E-2
-7.712187E-1	-3.906250E-2
-8.012383E-1	-4.062500E-2
-8.227617E-1	-4.140625E-2
-8.386211E-1	-4.218750E-2
-8.522148E-1	-4.257812E-2
-8.629765E-1	-4.296875E-2
-8.709062E-1	-4.335937E-2
-8.771367E-1	-4.335937E-2
-8.822344E-1	-4.375000E-2
-8.850664E-1	-4.375000E-2
-8.873320E-1	-4.375000E-2
-8.878984E-1	-4.335937E-2
-8.845000E-1	-4.335937E-2
-8.743047E-1	-4.296875E-2
-8.584453E-1	-4.179687E-2
-8.357890E-1	-4.101562E-2
-8.097344E-1	-3.945312E-2
-7.791484E-1	-3.828125E-2
-7.462969E-1	-3.671875E-2
-7.117461E-1	-3.515625E-2
-6.737969E-1	-3.320312E-2
-6.341484E-1	-3.125000E-2
-5.905351E-1	-2.890625E-2
-5.446562E-1	-2.695312E-2
-4.982109E-1	-2.460937E-2
-4.472344E-1	-2.226562E-2
-3.911601E-1	-1.992187E-2
-3.339531E-1	-1.679687E-2
-2.756133E-1	-1.406250E-2
-2.178398E-1	-1.171875E-2
-1.611992E-1	-9.374999E-3
-1.068242E-1	-7.031249E-3
-5.471484E-2	-4.687500E-3
-3.738280E-3	-2.343750E-3
4.553906E-2	-3.906250E-4
9.311719E-2	1.953125E-3
1.446602E-1	4.296875E-3
1.984687E-1	6.640624E-3
2.517109E-1	8.984374E-3
3.049531E-1	1.132812E-2
3.564961E-1	1.367187E-2
4.023750E-1	1.562500E-2
4.488203E-1	1.796875E-2
4.969648E-1	1.992187E-2
5.428437E-1	2.226562E-2
5.853242E-1	2.421875E-2
6.249726E-1	2.617187E-2
6.634883E-1	2.773437E-2
7.008711E-1	2.968750E-2
7.365547E-1	3.125000E-2
7.699726E-1	3.242187E-2
7.971601E-1	3.359375E-2
8.192500E-1	3.476562E-2
8.356758E-1	3.554687E-2
8.492695E-1	3.593750E-2
8.594648E-1	3.632812E-2
8.673945E-1	3.671875E-2
8.741914E-1	3.671875E-2
8.781562E-1	3.710937E-2
8.809883E-1	3.710937E-2
8.838203E-1	3.710937E-2
8.832539E-1	3.710937E-2
8.781562E-1	3.671875E-2
8.673945E-1	3.593750E-2
8.492695E-1	3.515625E-2
8.271797E-1	3.398437E-2
8.005586E-1	3.281250E-2
7.716719E-1	3.125000E-2
7.399531E-1	2.968750E-2
7.048359E-1	2.773437E-2
6.663203E-1	2.578125E-2
6.249726E-1	2.382812E-2
5.813594E-1	2.187500E-2
5.371797E-1	1.953125E-2
4.918672E-1	1.718750E-2
4.420234E-1	1.484375E-2
3.859492E-1	1.250000E-2
3.270430E-1	1.015625E-2
2.681367E-1	7.421874E-3
2.114961E-1	4.687500E-3
1.542891E-1	1.953125E-3
1.010469E-1	-3.906250E-4
5.007031E-2	-2.734375E-3
2.265642E-4	-5.078124E-3
-5.018359E-2	-7.031249E-3
-1.005937E-1	-9.374999E-3
-1.510039E-1	-1.132812E-2
-2.042461E-1	-1.367187E-2
-2.591875E-1	-1.601562E-2
-3.124297E-1	-1.835937E-2
-3.639726E-1	-2.070312E-2
-4.104180E-1	-2.304687E-2
-4.562969E-1	-2.500000E-2
-5.044414E-1	-2.734375E-2
-5.508867E-1	-2.929687E-2
-5.933672E-1	-3.125000E-2
-6.313164E-1	-3.320312E-2
-6.675664E-1	-3.476562E-2
-7.043828E-1	-3.632812E-2
-7.395000E-1	-3.789062E-2
-7.734844E-1	-3.906250E-2
-8.023711E-1	-4.062500E-2
-8.238945E-1	-4.140625E-2
-8.397539E-1	-4.218750E-2
-8.533476E-1	-4.257812E-2
-8.635430E-1	-4.296875E-2
-8.703398E-1	-4.335937E-2
-8.765703E-1	-4.335937E-2
-8.816680E-1	-4.375000E-2
-8.845000E-1	-4.375000E-2
-8.867656E-1	-4.375000E-2
-8.878984E-1	-4.335937E-2
-8.833672E-1	-4.296875E-2
-8.720390E-1	-4.257812E-2
-8.561797E-1	-4.179687E-2
-8.329570E-1	-4.062500E-2
-8.069023E-1	-3.945312E-2
-7.757500E-1	-3.789062E-2
-7.434648E-1	-3.632812E-2
-7.083476E-1	-3.476562E-2
-6.698320E-1	-3.281250E-2
-6.296172E-1	-3.085937E-2
-5.854375E-1	-2.890625E-2
-5.395586E-1	-2.656250E-2
-4.925469E-1	-2.421875E-2
-4.421367E-1	-2.187500E-2
-3.860625E-1	-1.953125E-2
-3.288555E-1	-1.679687E-2
-2.705156E-1	-1.406250E-2
-2.121758E-1	-1.132812E-2
-1.549687E-1	-8.984374E-3
-1.011602E-1	-6.640624E-3
-4.848437E-2	-4.296875E-3
1.925783E-3	-1.953125E-3
5.120313E-2	0.000000E+0
9.878125E-2	2.343750E-3
1.497578E-1	4.687500E-3
2.030000E-1	7.031249E-3
2.568086E-1	9.374999E-3
3.117500E-1	1.171875E-2
3.621602E-1	1.406250E-2
4.080391E-1	1.601562E-2
4.533516E-1	1.796875E-2
5.014961E-1	2.031250E-2
5.473750E-1	2.265625E-2
5.892891E-1	2.460937E-2
6.289375E-1	2.617187E-2
6.668867E-1	2.812500E-2
7.048359E-1	2.968750E-2
7.405195E-1	3.125000E-2
7.728047E-1	3.281250E-2
7.999922E-1	3.398437E-2
8.215156E-1	3.515625E-2
8.379414E-1	3.554687E-2
8.509687E-1	3.632812E-2
8.605976E-1	3.671875E-2
8.690937E-1	3.710937E-2
8.747578E-1	3.710937E-2
8.792890E-1	3.710937E-2
8.821211E-1	3.710937E-2
8.832539E-1	3.710937E-2
8.843867E-1	3.710937E-2
8.787226E-1	3.671875E-2
8.662617E-1	3.632812E-2
8.481367E-1	3.515625E-2
8.249140E-1	3.398437E-2
7.982930E-1	3.281250E-2
7.688398E-1	3.125000E-2
7.371211E-1	2.968750E-2
7.020039E-1	2.773437E-2
6.629219E-1	2.578125E-2
6.210078E-1	2.382812E-2
5.773945E-1	2.187500E-2
5.326484E-1	1.953125E-2
4.873359E-1	1.718750E-2
4.357930E-1	1.484375E-2
3.802852E-1	1.250000E-2
3.202461E-1	9.765624E-3
2.624727E-1	7.031249E-3
2.058320E-1	4.687500E-3
1.497578E-1	1.953125E-3
9.538281E-2	-7.812499E-4
4.553906E-2	-2.734375E-3
-4.871092E-3	-5.078124E-3
-5.528125E-2	-7.031249E-3
-1.045586E-1	-9.374999E-3
-1.561016E-1	-1.171875E-2
-2.104766E-1	-1.367187E-2
-2.648516E-1	-1.601562E-2
-3.180937E-1	-1.835937E-2
-3.685039E-1	-2.109375E-2
-4.143828E-1	-2.304687E-2
-4.608281E-1	-2.500000E-2
-5.089726E-1	-2.734375E-2
-5.554180E-1	-2.968750E-2
-5.973320E-1	-3.164062E-2
-6.352812E-1	-3.320312E-2
-6.715312E-1	-3.476562E-2
-7.083476E-1	-3.632812E-2
-7.434648E-1	-3.789062E-2
-7.763164E-1	-3.945312E-2
-8.046367E-1	-4.062500E-2
-8.255937E-1	-4.140625E-2
-8.408867E-1	-4.218750E-2
-8.533476E-1	-4.257812E-2
-8.641094E-1	-4.296875E-2
-8.714726E-1	-4.335937E-2
-8.771367E-1	-4.335937E-2
-8.816680E-1	-4.335937E-2
-8.839336E-1	-4.335937E-2
-8.861992E-1	-4.335937E-2
-8.867656E-1	-4.335937E-2
-8.822344E-1	-4.335937E-2
-8.709062E-1	-4.257812E-2
-8.544805E-1	-4.179687E-2
-8.318242E-1	-4.062500E-2
-8.046367E-1	-3.945312E-2
-7.740508E-1	-3.789062E-2
-7.417656E-1	-3.632812E-2
-7.072148E-1	-3.476562E-2
-6.686992E-1	-3.281250E-2
-6.273515E-1	-3.085937E-2
-5.831719E-1	-2.851562E-2
-5.367266E-1	-2.656250E-2
-4.902812E-1	-2.421875E-2
-4.393047E-1	-2.187500E-2
-3.837969E-1	-1.914062E-2
-3.254570E-1	-1.640625E-2
-2.665508E-1	-1.367187E-2
-2.076445E-1	-1.132812E-2
-1.515703E-1	-8.984374E-3
-9.776172E-2	-6.640624E-3
-4.565234E-2	-4.296875E-3
5.324220E-3	-1.953125E-3
5.573438E-2	0.000000E+0
1.027461E-1	2.343750E-3
1.531562E-1	4.687500E-3
2.075312E-1	7.031249E-3
2.607734E-1	9.374999E-3
3.145820E-1	1.171875E-2
3.649922E-1	1.406250E-2
4.108711E-1	1.601562E-2
4.573164E-1	1.835937E-2
5.054609E-1	2.031250E-2
5.507734E-1	2.265625E-2
5.921211E-1	2.460937E-2
6.300703E-1	2.617187E-2
6.685859E-1	2.812500E-2
7.065351E-1	3.007812E-2
7.422187E-1	3.125000E-2
7.745039E-1	3.281250E-2
8.022578E-1	3.398437E-2
8.226484E-1	3.515625E-2
8.385078E-1	3.554687E-2
8.515351E-1	3.632812E-2
8.605976E-1	3.671875E-2
8.685273E-1	3.671875E-2
8.741914E-1	3.710937E-2
8.775898E-1	3.710937E-2
8.804219E-1	3.710937E-2
8.826875E-1	3.710937E-2
8.821211E-1	3.671875E-2
8.764570E-1	3.671875E-2
8.639961E-1	3.593750E-2
8.458711E-1	3.515625E-2
8.220820E-1	3.359375E-2
7.954609E-1	3.242187E-2
7.660078E-1	3.085937E-2
7.342891E-1	2.929687E-2
6.986055E-1	2.773437E-2
6.600898E-1	2.578125E-2
6.181758E-1	2.343750E-2
5.745625E-1	2.148437E-2
5.292500E-1	1.914062E-2
4.833711E-1	1.718750E-2
4.318281E-1	1.445312E-2
3.746211E-1	1.210937E-2
3.162812E-1	9.765624E-3
2.579414E-1	7.031249E-3
2.013008E-1	4.296875E-3
1.446602E-1	1.562500E-3
9.085156E-2	-7.812499E-4
4.157422E-2	-3.125000E-3
-9.402342E-3	-5.078124E-3
-5.981250E-2	-7.421874E-3
-1.090898E-1	-9.765624E-3
-1.606328E-1	-1.171875E-2
-2.138750E-1	-1.406250E-2
-2.688164E-1	-1.640625E-2
-3.220586E-1	-1.875000E-2
-3.730351E-1	-2.109375E-2
-4.183476E-1	-2.343750E-2
-4.647930E-1	-2.539062E-2
-5.123711E-1	-2.773437E-2
-5.588164E-1	-2.968750E-2
-5.995976E-1	-3.164062E-2
-6.369805E-1	-3.320312E-2
-6.732305E-1	-3.515625E-2
-7.100469E-1	-3.671875E-2
-7.457305E-1	-3.789062E-2
-7.791484E-1	-3.945312E-2
-8.069023E-1	-4.062500E-2
-8.267265E-1	-4.140625E-2
-8.414531E-1	-4.218750E-2
-8.539140E-1	-4.257812E-2
-8.641094E-1	-4.296875E-2
-8.720390E-1	-4.296875E-2
-8.771367E-1	-4.335937E-2
-8.811015E-1	-4.335937E-2
-8.839336E-1	-4.335937E-2
-8.867656E-1	-4.335937E-2
-8.867656E-1	-4.335937E-2
-8.816680E-1	-4.296875E-2
-8.692070E-1	-4.257812E-2
-8.522148E-1	-4.179687E-2
-8.284258E-1	-4.062500E-2
-8.012383E-1	-3.906250E-2
-7.706523E-1	-3.789062E-2
-7.372344E-1	-3.632812E-2
-7.015508E-1	-3.437500E-2
-6.624687E-1	-3.242187E-2
-6.216875E-1	-3.046875E-2
-5.769414E-1	-2.812500E-2
-5.310625E-1	-2.617187E-2
-4.846172E-1	-2.382812E-2
-4.330742E-1	-2.148437E-2
-3.764336E-1	-1.914062E-2
-3.180937E-1	-1.601562E-2
-2.591875E-1	-1.328125E-2
-2.014141E-1	-1.093750E-2
-1.447734E-1	-8.593749E-3
-9.153125E-2	-6.249999E-3
-3.942187E-2	-3.906250E-3
1.098828E-2	-1.953125E-3
5.913281E-2	3.906250E-4
1.072773E-1	2.343750E-3
1.576875E-1	5.078124E-3
2.126289E-1	7.421874E-3
2.658711E-1	9.765624E-3
3.196797E-1	1.210937E-2
3.700898E-1	1.406250E-2
4.154023E-1	1.640625E-2
4.612812E-1	1.835937E-2
5.094258E-1	2.070312E-2
5.547383E-1	2.265625E-2
5.966523E-1	2.460937E-2
6.363008E-1	2.656250E-2
6.742500E-1	2.851562E-2
7.116328E-1	3.007812E-2
7.461836E-1	3.164062E-2
7.779023E-1	3.281250E-2
8.039570E-1	3.398437E-2
8.237812E-1	3.515625E-2
8.390742E-1	3.554687E-2
8.515351E-1	3.632812E-2
8.617305E-1	3.671875E-2
8.685273E-1	3.671875E-2
8.747578E-1	3.710937E-2
8.787226E-1	3.710937E-2
8.815547E-1	3.710937E-2
8.826875E-1	3.710937E-2
8.821211E-1	3.671875E-2
8.753242E-1	3.632812E-2
8.617305E-1	3.593750E-2
8.430390E-1	3.476562E-2
8.186836E-1	3.359375E-2
7.914961E-1	3.203125E-2
7.620430E-1	3.085937E-2
7.303242E-1	2.929687E-2
6.946406E-1	2.734375E-2
6.555586E-1	2.539062E-2
6.136445E-1	2.343750E-2
5.688984E-1	2.109375E-2
5.241523E-1	1.914062E-2
4.777070E-1	1.679687E-2
4.261641E-1	1.445312E-2
3.689570E-1	1.171875E-2
3.100508E-1	9.374999E-3
2.528437E-1	6.640624E-3
1.950703E-1	3.906250E-3
1.389961E-1	1.171875E-3
8.575391E-2	-1.171875E-3
3.534375E-2	-3.515625E-3
-1.563281E-2	-5.468749E-3
-6.547656E-2	-7.812499E-3
-1.147539E-1	-9.765624E-3
-1.662969E-1	-1.210937E-2
-2.195391E-1	-1.406250E-2
-2.744805E-1	-1.679687E-2
-3.271562E-1	-1.914062E-2
-3.770000E-1	-2.148437E-2
-4.223125E-1	-2.343750E-2
-4.693242E-1	-2.539062E-2
-5.169023E-1	-2.773437E-2
-5.627812E-1	-2.968750E-2
-6.035625E-1	-3.164062E-2
-6.420781E-1	-3.359375E-2
-6.783281E-1	-3.515625E-2
-7.145781E-1	-3.671875E-2
-7.485625E-1	-3.828125E-2
-7.814140E-1	-3.945312E-2
-8.086015E-1	-4.062500E-2
-8.278594E-1	-4.140625E-2
-8.431523E-1	-4.218750E-2
-8.561797E-1	-4.257812E-2
-8.652422E-1	-4.296875E-2
-8.726055E-1	-4.335937E-2
-8.782695E-1	-4.335937E-2
-8.822344E-1	-4.335937E-2
-8.850664E-1	-4.375000E-2
-8.873320E-1	-4.375000E-2
-8.867656E-1	-4.335937E-2
-8.805351E-1	-4.296875E-2
-8.680742E-1	-4.257812E-2
-8.505156E-1	-4.140625E-2
-8.272930E-1	-4.023437E-2
-7.995390E-1	-3.906250E-2
-7.689531E-1	-3.750000E-2
-7.361015E-1	-3.593750E-2
-7.004180E-1	-3.437500E-2
-6.619023E-1	-3.242187E-2
-6.205547E-1	-3.046875E-2
-5.752422E-1	-2.812500E-2
-5.287969E-1	-2.617187E-2
-4.817851E-1	-2.382812E-2
-4.296758E-1	-2.148437E-2
-3.736016E-1	-1.875000E-2
-3.152617E-1	-1.601562E-2
-2.569219E-1	-1.328125E-2
-1.991484E-1	-1.093750E-2
-1.425078E-1	-8.203124E-3
-8.869922E-2	-5.859374E-3
-3.658984E-2	-3.515625E-3
1.212110E-2	-1.562500E-3
6.083203E-2	3.906250E-4
1.089766E-1	2.734375E-3
1.616523E-1	5.078124E-3
2.165937E-1	7.421874E-3
2.692695E-1	9.765624E-3
3.230781E-1	1.210937E-2
3.734883E-1	1.445312E-2
4.188008E-1	1.640625E-2
4.652461E-1	1.875000E-2
5.133906E-1	2.070312E-2
5.587031E-1	2.304687E-2
5.989180E-1	2.460937E-2
6.368672E-1	2.656250E-2
6.759492E-1	2.851562E-2
7.127656E-1	3.007812E-2
7.484492E-1	3.164062E-2
7.807344E-1	3.281250E-2
8.062226E-1	3.437500E-2
8.260469E-1	3.515625E-2
8.413398E-1	3.593750E-2
8.526680E-1	3.632812E-2
8.628633E-1	3.671875E-2
8.702265E-1	3.671875E-2
8.758906E-1	3.710937E-2
8.792890E-1	3.710937E-2
8.821211E-1	3.710937E-2
8.838203E-1	3.710937E-2
8.821211E-1	3.671875E-2
8.747578E-1	3.632812E-2
8.622969E-1	3.593750E-2
8.430390E-1	3.476562E-2
8.181172E-1	3.359375E-2
7.909297E-1	3.203125E-2
7.614766E-1	3.046875E-2
7.286250E-1	2.890625E-2
6.918086E-1	2.734375E-2
6.515937E-1	2.500000E-2
6.091133E-1	2.304687E-2
5.666328E-1	2.109375E-2
5.218867E-1	1.875000E-2
4.748750E-1	1.640625E-2
4.221992E-1	1.406250E-2
3.644258E-1	1.171875E-2
3.049531E-1	8.984374E-3
2.477461E-1	6.249999E-3
1.911055E-1	3.906250E-3
1.350312E-1	1.171875E-3
8.235547E-2	-1.171875E-3
3.137891E-2	-3.515625E-3
-1.846484E-2	-5.859374E-3
-6.830859E-2	-7.812499E-3
-1.170195E-1	-1.015625E-2
-1.696953E-1	-1.210937E-2
-2.235039E-1	-1.445312E-2
-2.790117E-1	-1.679687E-2
-3.316875E-1	-1.914062E-2
-3.815312E-1	-2.148437E-2
-4.274101E-1	-2.382812E-2
-4.738555E-1	-2.578125E-2
-5.214336E-1	-2.812500E-2
-5.661797E-1	-3.007812E-2
-6.069609E-1	-3.203125E-2
-6.449101E-1	-3.359375E-2
-6.811601E-1	-3.515625E-2
-7.168437E-1	-3.671875E-2
-7.519609E-1	-3.828125E-2
-7.842461E-1	-3.984375E-2
-8.114336E-1	-4.062500E-2
-8.295586E-1	-4.140625E-2
-8.442851E-1	-4.218750E-2
-8.561797E-1	-4.257812E-2
-8.652422E-1	-4.296875E-2
-8.731719E-1	-4.335937E-2
-8.788359E-1	-4.335937E-2
-8.828008E-1	-4.335937E-2
-8.856328E-1	-4.335937E-2
-8.867656E-1	-4.335937E-2
-8.861992E-1	-4.335937E-2
-8.805351E-1	-4.296875E-2
-8.680742E-1	-4.218750E-2
-8.493828E-1	-4.140625E-2
-8.255937E-1	-4.023437E-2
-7.961406E-1	-3.906250E-2
-7.655547E-1	-3.750000E-2
-7.332695E-1	-3.593750E-2
-6.975859E-1	-3.437500E-2
-6.585039E-1	-3.242187E-2
-6.160234E-1	-3.007812E-2
-5.712773E-1	-2.812500E-2
-5.248320E-1	-2.578125E-2
-4.778203E-1	-2.382812E-2
-4.251445E-1	-2.109375E-2
-3.685039E-1	-1.835937E-2
-3.101641E-1	-1.562500E-2
-2.518242E-1	-1.328125E-2
-1.934844E-1	-1.054687E-2
-1.379766E-1	-8.203124E-3
-8.473437E-2	-5.859374E-3
-3.262500E-2	-3.515625E-3
1.778516E-2	-1.562500E-3
6.649609E-2	7.812499E-4
1.140742E-1	3.125000E-3
1.673164E-1	5.468749E-3
2.216914E-1	7.812499E-3
2.743672E-1	1.015625E-2
3.276094E-1	1.250000E-2
3.774531E-1	1.445312E-2
4.221992E-1	1.679687E-2
4.692109E-1	1.875000E-2
5.167891E-1	2.109375E-2
5.621016E-1	2.304687E-2
6.028828E-1	2.500000E-2
6.413984E-1	2.695312E-2
6.793476E-1	2.890625E-2
7.167305E-1	3.046875E-2
7.507148E-1	3.203125E-2
7.824336E-1	3.320312E-2
8.073555E-1	3.437500E-2
8.271797E-1	3.515625E-2
8.413398E-1	3.593750E-2
8.538008E-1	3.632812E-2
8.634297E-1	3.671875E-2
8.707930E-1	3.671875E-2
8.770234E-1	3.710937E-2
8.804219E-1	3.710937E-2
8.838203E-1	3.710937E-2
8.843867E-1	3.710937E-2
8.826875E-1	3.710937E-2
8.747578E-1	3.632812E-2
8.605976E-1	3.593750E-2
8.413398E-1	3.476562E-2
8.164180E-1	3.359375E-2
7.886641E-1	3.203125E-2
7.580781E-1	3.046875E-2
7.257930E-1	2.890625E-2
6.884101E-1	2.695312E-2
6.481953E-1	2.500000E-2
6.062812E-1	2.304687E-2
5.615351E-1	2.109375E-2
5.173555E-1	1.875000E-2
4.692109E-1	1.640625E-2
4.171016E-1	1.406250E-2
3.593281E-1	1.171875E-2
3.004219E-1	8.984374E-3
2.437812E-1	6.249999E-3
1.865742E-1	3.515625E-3
1.310664E-1	1.171875E-3
7.895703E-2	-1.171875E-3
2.798047E-2	-3.515625E-3
-2.242969E-2	-5.859374E-3
-7.170703E-2	-7.812499E-3
-1.215508E-1	-1.015625E-2
-1.742266E-1	-1.210937E-2
-2.286016E-1	-1.445312E-2
-2.829766E-1	-1.679687E-2
-3.356523E-1	-1.953125E-2
-3.837969E-1	-2.148437E-2
-4.296758E-1	-2.382812E-2
-4.766875E-1	-2.578125E-2
-5.242656E-1	-2.812500E-2
-5.695781E-1	-3.007812E-2
-6.092266E-1	-3.203125E-2
-6.477422E-1	-3.359375E-2
-6.839922E-1	-3.515625E-2
-7.202422E-1	-3.710937E-2
-7.547930E-1	-3.828125E-2
-7.865117E-1	-3.984375E-2
-8.120000E-1	-4.101562E-2
-8.306914E-1	-4.179687E-2
-8.448515E-1	-4.218750E-2
-8.573125E-1	-4.257812E-2
-8.669414E-1	-4.296875E-2
-8.737383E-1	-4.335937E-2
-8.794023E-1	-4.335937E-2
-8.833672E-1	-4.335937E-2
-8.856328E-1	-4.335937E-2
-8.873320E-1	-4.335937E-2
-8.867656E-1	-4.335937E-2
-8.794023E-1	-4.296875E-2
-8.663750E-1	-4.218750E-2
-8.471172E-1	-4.140625E-2
-8.233281E-1	-4.023437E-2
-7.944414E-1	-3.867187E-2
-7.638555E-1	-3.750000E-2
-7.304375E-1	-3.593750E-2
-6.947539E-1	-3.398437E-2
-6.545390E-1	-3.203125E-2
-6.126250E-1	-3.007812E-2
-5.673125E-1	-2.773437E-2
-5.208672E-1	-2.578125E-2
-4.732891E-1	-2.343750E-2
-4.194805E-1	-2.109375E-2
-3.628398E-1	-1.835937E-2
-3.045000E-1	-1.523437E-2
-2.467266E-1	-1.289062E-2
-1.895195E-1	-1.054687E-2
-1.328789E-1	-7.812499E-3
-7.963672E-2	-5.468749E-3
-2.752734E-2	-3.515625E-3
2.231641E-2	-1.171875E-3
6.989453E-2	7.812499E-4
1.180391E-1	3.515625E-3
1.712812E-1	5.468749E-3
2.250898E-1	7.812499E-3
2.783320E-1	1.015625E-2
3.315742E-1	1.250000E-2
3.802852E-1	1.484375E-2
4.261641E-1	1.679687E-2
4.726094E-1	1.914062E-2
5.201875E-1	2.109375E-2
5.649336E-1	2.343750E-2
6.051484E-1	2.539062E-2
6.442305E-1	2.695312E-2
6.821797E-1	2.890625E-2
7.195625E-1	3.046875E-2
7.541133E-1	3.203125E-2
7.846992E-1	3.320312E-2
8.096211E-1	3.437500E-2
8.283125E-1	3.554687E-2
8.436055E-1	3.593750E-2
8.555000E-1	3.671875E-2
8.639961E-1	3.671875E-2
8.719258E-1	3.710937E-2
8.770234E-1	3.710937E-2
8.804219E-1	3.710937E-2
8.832539E-1	3.750000E-2
8.843867E-1	3.710937E-2
8.826875E-1	3.710937E-2
8.747578E-1	3.671875E-2
8.605976E-1	3.593750E-2
8.396406E-1	3.476562E-2
8.147187E-1	3.359375E-2
7.863984E-1	3.203125E-2
7.552461E-1	3.046875E-2
7.235273E-1	2.890625E-2
6.867109E-1	2.695312E-2
6.459297E-1	2.500000E-2
6.028828E-1	2.304687E-2
5.592695E-1	2.109375E-2
5.150898E-1	1.875000E-2
4.663789E-1	1.640625E-2
4.131367E-1	1.367187E-2
3.547969E-1	1.132812E-2
2.958906E-1	8.593749E-3
2.386836E-1	6.249999E-3
1.820430E-1	3.515625E-3
1.259687E-1	7.812499E-4
7.385938E-2	-1.562500E-3
2.344922E-2	-3.906250E-3
-2.696094E-2	-5.859374E-3
-7.680468E-2	-8.203124E-3
-1.255156E-1	-1.015625E-2
-1.781914E-1	-1.250000E-2
-2.325664E-1	-1.484375E-2
-2.869414E-1	-1.718750E-2
-3.396172E-1	-1.953125E-2
-3.883281E-1	-2.187500E-2
-4.342070E-1	-2.382812E-2
-4.812187E-1	-2.617187E-2
-5.287969E-1	-2.812500E-2
-5.724101E-1	-3.046875E-2
-6.120586E-1	-3.203125E-2
-6.494414E-1	-3.359375E-2
-6.851250E-1	-3.554687E-2
-7.219414E-1	-3.710937E-2
-7.559258E-1	-3.828125E-2
-7.876445E-1	-3.984375E-2
-8.131328E-1	-4.101562E-2
-8.318242E-1	-4.179687E-2
-8.454180E-1	-4.218750E-2
-8.578789E-1	-4.257812E-2
-8.663750E-1	-4.296875E-2
-8.731719E-1	-4.335937E-2
-8.782695E-1	-4.335937E-2
-8.822344E-1	-4.335937E-2
-8.850664E-1	-4.335937E-2
-8.867656E-1	-4.335937E-2
-8.850664E-1	-4.335937E-2
-8.771367E-1	-4.296875E-2
-8.641094E-1	-4.218750E-2
-8.448515E-1	-4.140625E-2
-8.193633E-1	-4.023437E-2
-7.899101E-1	-3.867187E-2
-7.593242E-1	-3.710937E-2
-7.270390E-1	-3.593750E-2
-6.902226E-1	-3.398437E-2
-6.511406E-1	-3.203125E-2
-6.086601E-1	-3.007812E-2
-5.627812E-1	-2.773437E-2
-5.163359E-1	-2.539062E-2
-4.687578E-1	-2.304687E-2
-4.149492E-1	-2.070312E-2
-3.588750E-1	-1.796875E-2
-2.994023E-1	-1.523437E-2
-2.416289E-1	-1.289062E-2
-1.838555E-1	-1.015625E-2
-1.289141E-1	-7.812499E-3
-7.680468E-2	-5.468749E-3
-2.469531E-2	-3.125000E-3
2.571484E-2	-1.171875E-3
7.329297E-2	1.171875E-3
1.220039E-1	3.125000E-3
1.752461E-1	5.859374E-3
2.296211E-1	8.203124E-3
2.822969E-1	1.054687E-2
3.361055E-1	1.289062E-2
3.842500E-1	1.484375E-2
4.295625E-1	1.679687E-2
4.765742E-1	1.914062E-2
5.247187E-1	2.148437E-2
5.683320E-1	2.343750E-2
6.079805E-1	2.539062E-2
6.464961E-1	2.695312E-2
6.844453E-1	2.890625E-2
7.212617E-1	3.046875E-2
7.563789E-1	3.203125E-2
7.869648E-1	3.359375E-2
8.113203E-1	3.437500E-2
8.288789E-1	3.554687E-2
8.436055E-1	3.593750E-2
8.549336E-1	3.632812E-2
8.639961E-1	3.671875E-2
8.707930E-1	3.710937E-2
8.770234E-1	3.710937E-2
8.804219E-1	3.710937E-2
8.832539E-1	3.710937E-2
8.838203E-1	3.710937E-2
8.815547E-1	3.710937E-2
8.724922E-1	3.632812E-2
8.577656E-1	3.593750E-2
8.379414E-1	3.476562E-2
8.118867E-1	3.320312E-2
7.841328E-1	3.203125E-2
7.529805E-1	3.046875E-2
7.201289E-1	2.890625E-2
6.821797E-1	2.695312E-2
6.413984E-1	2.460937E-2
5.989180E-1	2.265625E-2
5.541719E-1	2.070312E-2
5.094258E-1	1.835937E-2
4.618476E-1	1.601562E-2
4.086055E-1	1.367187E-2
3.502656E-1	1.093750E-2
2.907930E-1	8.593749E-3
2.341523E-1	5.859374E-3
1.775117E-1	3.125000E-3
1.220039E-1	3.906250E-4
7.102734E-2	-1.562500E-3
2.118360E-2	-3.906250E-3
-2.922656E-2	-6.249999E-3
-7.963672E-2	-8.203124E-3
-1.289141E-1	-1.054687E-2
-1.815898E-1	-1.250000E-2
-2.359648E-1	-1.484375E-2
-2.897734E-1	-1.718750E-2
-3.418828E-1	-1.953125E-2
-3.905937E-1	-2.187500E-2
-4.370391E-1	-2.421875E-2
-4.840508E-1	-2.617187E-2
-5.321953E-1	-2.851562E-2
-5.763750E-1	-3.046875E-2
-6.154570E-1	-3.242187E-2
-6.528398E-1	-3.398437E-2
-6.896562E-1	-3.554687E-2
-7.253398E-1	-3.710937E-2
-7.593242E-1	-3.867187E-2
-7.904765E-1	-3.984375E-2
-8.148320E-1	-4.101562E-2
-8.329570E-1	-4.179687E-2
-8.476836E-1	-4.218750E-2
-8.590117E-1	-4.257812E-2
-8.675078E-1	-4.296875E-2
-8.743047E-1	-4.335937E-2
-8.794023E-1	-4.335937E-2
-8.833672E-1	-4.375000E-2
-8.856328E-1	-4.375000E-2
-8.867656E-1	-4.335937E-2
-8.850664E-1	-4.335937E-2
-8.765703E-1	-4.296875E-2
-8.629765E-1	-4.218750E-2
-8.425859E-1	-4.101562E-2
-8.187969E-1	-3.984375E-2
-7.899101E-1	-3.867187E-2
-7.581914E-1	-3.710937E-2
-7.247734E-1	-3.554687E-2
-6.879570E-1	-3.398437E-2
-6.488750E-1	-3.203125E-2
-6.063945E-1	-2.968750E-2
-5.610820E-1	-2.773437E-2
-5.146367E-1	-2.539062E-2
-4.664922E-1	-2.304687E-2
-4.126836E-1	-2.070312E-2
-3.554766E-1	-1.796875E-2
-2.965703E-1	-1.523437E-2
-2.376641E-1	-1.250000E-2
-1.798906E-1	-1.015625E-2
-1.243828E-1	-7.812499E-3
-7.114062E-2	-5.078124E-3
