X (Volt)	Y (Volt)
-6.604297E-2	-5.859374E-3
-1.336719E-2	-3.515625E-3
3.817578E-2	-1.171875E-3
8.801953E-2	1.953125E-3
1.401289E-1	4.687500E-3
1.967695E-1	7.421874E-3
2.517109E-1	1.015625E-2
3.077852E-1	1.250000E-2
3.621602E-1	1.523437E-2
4.103047E-1	1.757812E-2
4.578828E-1	1.992187E-2
5.071601E-1	2.226562E-2
5.547383E-1	2.460937E-2
5.989180E-1	2.656250E-2
6.396992E-1	2.851562E-2
6.799141E-1	3.046875E-2
7.201289E-1	3.203125E-2
7.580781E-1	3.398437E-2
7.920625E-1	3.554687E-2
8.220820E-1	3.671875E-2
8.453047E-1	3.789062E-2
8.628633E-1	3.867187E-2
8.775898E-1	3.945312E-2
8.889180E-1	3.984375E-2
8.985469E-1	3.984375E-2
9.047773E-1	4.023437E-2
9.093086E-1	4.023437E-2
9.132734E-1	4.023437E-2
9.155390E-1	4.023437E-2
9.155390E-1	4.023437E-2
9.121406E-1	3.984375E-2
9.002461E-1	3.945312E-2
8.815547E-1	3.828125E-2
8.583320E-1	3.710937E-2
8.305781E-1	3.593750E-2
8.005586E-1	3.437500E-2
7.688398E-1	3.242187E-2
7.314570E-1	3.085937E-2
6.901094E-1	2.890625E-2
6.476289E-1	2.656250E-2
6.034492E-1	2.421875E-2
5.587031E-1	2.226562E-2
5.139570E-1	1.992187E-2
4.635469E-1	1.757812E-2
4.069062E-1	1.484375E-2
3.451680E-1	1.171875E-2
2.834297E-1	9.374999E-3
2.256562E-1	6.640624E-3
1.684492E-1	3.906250E-3
1.129414E-1	1.171875E-3
6.196484E-2	-1.562500E-3
9.289064E-3	-3.906250E-3
-4.225390E-2	-6.249999E-3
-9.492968E-2	-9.374999E-3
-1.481719E-1	-1.171875E-2
-2.048125E-1	-1.445312E-2
-2.614531E-1	-1.718750E-2
-3.163945E-1	-1.992187E-2
-3.690703E-1	-2.265625E-2
-4.166484E-1	-2.500000E-2
-4.653594E-1	-2.695312E-2
-5.146367E-1	-2.968750E-2
-5.639141E-1	-3.164062E-2
-6.075273E-1	-3.398437E-2
-6.466094E-1	-3.554687E-2
-6.845586E-1	-3.750000E-2
-7.242070E-1	-3.906250E-2
-7.615898E-1	-4.062500E-2
-7.972734E-1	-4.218750E-2
-8.272930E-1	-4.375000E-2
-8.499492E-1	-4.453125E-2
-8.663750E-1	-4.531250E-2
-8.805351E-1	-4.570312E-2
-8.912969E-1	-4.648437E-2
-8.997930E-1	-4.648437E-2
-9.060234E-1	-4.687500E-2
-9.099883E-1	-4.687500E-2
-9.139531E-1	-4.687500E-2
-9.167851E-1	-4.687500E-2
-9.173515E-1	-4.687500E-2
-9.139531E-1	-4.687500E-2
-9.026250E-1	-4.609375E-2
-8.856328E-1	-4.531250E-2
-8.629765E-1	-4.375000E-2
-8.363555E-1	-4.257812E-2
-8.057695E-1	-4.101562E-2
-7.723515E-1	-3.945312E-2
-7.355351E-1	-3.789062E-2
-6.953203E-1	-3.593750E-2
-6.528398E-1	-3.359375E-2
-6.086601E-1	-3.164062E-2
-5.627812E-1	-2.929687E-2
-5.152031E-1	-2.695312E-2
-4.653594E-1	-2.460937E-2
-4.081523E-1	-2.187500E-2
-3.486797E-1	-1.875000E-2
-2.892070E-1	-1.601562E-2
-2.297344E-1	-1.328125E-2
-1.719609E-1	-1.093750E-2
-1.164531E-1	-8.203124E-3
-6.264453E-2	-5.859374E-3
-9.968748E-3	-3.515625E-3
4.044141E-2	-1.171875E-3
9.028516E-2	1.953125E-3
1.440937E-1	5.078124E-3
2.001680E-1	7.812499E-3
2.551094E-1	1.015625E-2
3.111836E-1	1.289062E-2
3.655586E-1	1.523437E-2
4.131367E-1	1.757812E-2
4.595820E-1	1.992187E-2
5.088594E-1	2.226562E-2
5.564375E-1	2.460937E-2
6.000508E-1	2.656250E-2
6.408320E-1	2.851562E-2
6.810469E-1	3.046875E-2
7.212617E-1	3.203125E-2
7.592109E-1	3.398437E-2
7.937617E-1	3.554687E-2
8.232148E-1	3.710937E-2
8.464375E-1	3.789062E-2
8.639961E-1	3.867187E-2
8.781562E-1	3.906250E-2
8.889180E-1	3.984375E-2
8.979805E-1	3.984375E-2
9.042109E-1	4.023437E-2
9.098750E-1	4.023437E-2
9.132734E-1	4.023437E-2
9.155390E-1	4.023437E-2
9.161055E-1	4.023437E-2
9.121406E-1	3.984375E-2
9.002461E-1	3.945312E-2
8.821211E-1	3.828125E-2
8.588984E-1	3.710937E-2
8.311445E-1	3.593750E-2
8.005586E-1	3.437500E-2
7.682734E-1	3.242187E-2
7.308906E-1	3.085937E-2
6.901094E-1	2.851562E-2
6.464961E-1	2.656250E-2
6.028828E-1	2.421875E-2
5.564375E-1	2.187500E-2
5.111250E-1	1.953125E-2
4.601484E-1	1.718750E-2
4.035078E-1	1.445312E-2
3.423359E-1	1.171875E-2
2.805977E-1	8.984374E-3
2.228242E-1	6.249999E-3
1.656172E-1	3.515625E-3
1.101094E-1	7.812499E-4
5.800000E-2	-1.562500E-3
5.324220E-3	-3.906250E-3
-4.621875E-2	-6.640624E-3
-9.946093E-2	-9.374999E-3
-1.532695E-1	-1.210937E-2
-2.093437E-1	-1.484375E-2
-2.654180E-1	-1.718750E-2
-3.203594E-1	-1.992187E-2
-3.730351E-1	-2.265625E-2
-4.206133E-1	-2.500000E-2
-4.681914E-1	-2.695312E-2
-5.180351E-1	-2.968750E-2
-5.673125E-1	-3.203125E-2
-6.097930E-1	-3.398437E-2
-6.494414E-1	-3.554687E-2
-6.879570E-1	-3.750000E-2
-7.264726E-1	-3.906250E-2
-7.638555E-1	-4.062500E-2
-7.989726E-1	-4.218750E-2
-8.284258E-1	-4.375000E-2
-8.510820E-1	-4.492187E-2
-8.680742E-1	-4.570312E-2
-8.822344E-1	-4.609375E-2
-8.929961E-1	-4.648437E-2
-9.020586E-1	-4.687500E-2
-9.077226E-1	-4.687500E-2
-9.122539E-1	-4.726562E-2
-9.150859E-1	-4.726562E-2
-9.179180E-1	-4.726562E-2
-9.184844E-1	-4.687500E-2
-9.150859E-1	-4.687500E-2
-9.043242E-1	-4.609375E-2
-8.867656E-1	-4.531250E-2
-8.635430E-1	-4.414062E-2
-8.357890E-1	-4.257812E-2
-8.052031E-1	-4.101562E-2
-7.717851E-1	-3.945312E-2
-7.338359E-1	-3.750000E-2
-6.924883E-1	-3.554687E-2
-6.500078E-1	-3.359375E-2
-6.052617E-1	-3.125000E-2
-5.582500E-1	-2.929687E-2
-5.112383E-1	-2.695312E-2
-4.613945E-1	-2.460937E-2
-4.047539E-1	-2.187500E-2
-3.464141E-1	-1.914062E-2
-2.869414E-1	-1.601562E-2
-2.274687E-1	-1.328125E-2
-1.696953E-1	-1.093750E-2
-1.147539E-1	-8.203124E-3
-6.094531E-2	-5.859374E-3
-8.269529E-3	-3.515625E-3
4.157422E-2	-7.812499E-4
9.198438E-2	1.953125E-3
1.452266E-1	5.078124E-3
2.013008E-1	7.812499E-3
2.568086E-1	1.054687E-2
3.123164E-1	1.289062E-2
3.666914E-1	1.523437E-2
4.148359E-1	1.757812E-2
4.618476E-1	1.992187E-2
5.116914E-1	2.226562E-2
5.592695E-1	2.460937E-2
6.028828E-1	2.695312E-2
6.425312E-1	2.851562E-2
6.827461E-1	3.046875E-2
7.229609E-1	3.242187E-2
7.609101E-1	3.398437E-2
7.948945E-1	3.554687E-2
8.243476E-1	3.710937E-2
8.481367E-1	3.789062E-2
8.656953E-1	3.867187E-2
8.792890E-1	3.945312E-2
8.906172E-1	3.984375E-2
8.991133E-1	4.023437E-2
9.059101E-1	4.023437E-2
9.110078E-1	4.062500E-2
9.138398E-1	4.062500E-2
9.166719E-1	4.062500E-2
9.172383E-1	4.023437E-2
9.127070E-1	3.984375E-2
8.996797E-1	3.945312E-2
8.815547E-1	3.828125E-2
8.571992E-1	3.710937E-2
8.294453E-1	3.593750E-2
7.999922E-1	3.437500E-2
7.671406E-1	3.242187E-2
7.297578E-1	3.046875E-2
6.884101E-1	2.851562E-2
6.447969E-1	2.656250E-2
6.006172E-1	2.421875E-2
5.553047E-1	2.187500E-2
5.099922E-1	1.953125E-2
4.590156E-1	1.718750E-2
4.018086E-1	1.445312E-2
3.406367E-1	1.171875E-2
2.794648E-1	8.984374E-3
2.216914E-1	6.249999E-3
1.650508E-1	3.515625E-3
1.106758E-1	7.812499E-4
5.856641E-2	-1.562500E-3
5.890627E-3	-3.906250E-3
-4.565234E-2	-6.640624E-3
-9.832812E-2	-9.374999E-3
-1.527031E-1	-1.210937E-2
-2.087773E-1	-1.445312E-2
-2.659844E-1	-1.757812E-2
-3.214922E-1	-2.031250E-2
-3.736016E-1	-2.265625E-2
-4.211797E-1	-2.500000E-2
-4.693242E-1	-2.734375E-2
-5.180351E-1	-2.968750E-2
-5.667461E-1	-3.203125E-2
-6.092266E-1	-3.398437E-2
-6.494414E-1	-3.593750E-2
-6.879570E-1	-3.750000E-2
-7.276055E-1	-3.906250E-2
-7.649883E-1	-4.101562E-2
-8.001055E-1	-4.257812E-2
-8.295586E-1	-4.375000E-2
-8.516484E-1	-4.453125E-2
-8.675078E-1	-4.531250E-2
-8.811015E-1	-4.609375E-2
-8.924297E-1	-4.648437E-2
-9.009258E-1	-4.687500E-2
-9.071562E-1	-4.687500E-2
-9.116875E-1	-4.726562E-2
-9.150859E-1	-4.726562E-2
-9.173515E-1	-4.726562E-2
-9.179180E-1	-4.687500E-2
-9.139531E-1	-4.687500E-2
-9.026250E-1	-4.609375E-2
-8.850664E-1	-4.531250E-2
-8.618437E-1	-4.414062E-2
-8.346562E-1	-4.257812E-2
-8.040703E-1	-4.101562E-2
-7.706523E-1	-3.945312E-2
-7.332695E-1	-3.750000E-2
-6.924883E-1	-3.554687E-2
-6.500078E-1	-3.359375E-2
-6.052617E-1	-3.125000E-2
-5.588164E-1	-2.929687E-2
-5.123711E-1	-2.656250E-2
-4.613945E-1	-2.421875E-2
-4.036211E-1	-2.187500E-2
-3.441484E-1	-1.875000E-2
-2.841094E-1	-1.601562E-2
-2.246367E-1	-1.289062E-2
-1.679961E-1	-1.054687E-2
-1.124883E-1	-8.203124E-3
-5.924609E-2	-5.468749E-3
-6.570311E-3	-3.125000E-3
4.383984E-2	-7.812499E-4
9.425000E-2	2.343750E-3
1.480586E-1	5.078124E-3
2.041328E-1	7.812499E-3
2.585078E-1	1.054687E-2
3.145820E-1	1.289062E-2
3.678242E-1	1.562500E-2
4.165352E-1	1.796875E-2
4.635469E-1	2.031250E-2
5.128242E-1	2.226562E-2
5.598359E-1	2.460937E-2
6.023164E-1	2.656250E-2
6.436641E-1	2.851562E-2
6.844453E-1	3.046875E-2
7.252266E-1	3.242187E-2
7.631758E-1	3.398437E-2
7.971601E-1	3.554687E-2
8.260469E-1	3.710937E-2
8.487031E-1	3.789062E-2
8.662617E-1	3.867187E-2
8.792890E-1	3.945312E-2
8.900508E-1	3.984375E-2
8.991133E-1	4.023437E-2
9.053437E-1	4.023437E-2
9.104414E-1	4.023437E-2
9.138398E-1	4.023437E-2
9.161055E-1	4.023437E-2
9.166719E-1	4.023437E-2
9.115742E-1	3.984375E-2
8.991133E-1	3.945312E-2
8.804219E-1	3.828125E-2
8.571992E-1	3.710937E-2
8.283125E-1	3.593750E-2
7.988594E-1	3.398437E-2
7.665742E-1	3.242187E-2
7.291914E-1	3.085937E-2
6.884101E-1	2.890625E-2
6.442305E-1	2.656250E-2
5.994844E-1	2.421875E-2
5.530391E-1	2.187500E-2
5.077266E-1	1.953125E-2
4.573164E-1	1.718750E-2
4.001094E-1	1.445312E-2
3.389375E-1	1.171875E-2
2.777656E-1	8.984374E-3
2.199922E-1	6.249999E-3
1.627852E-1	3.515625E-3
1.072773E-1	7.812499E-4
5.630078E-2	-1.562500E-3
3.058595E-3	-4.296875E-3
-4.905078E-2	-6.640624E-3
-1.022930E-1	-9.374999E-3
-1.561016E-1	-1.210937E-2
-2.127422E-1	-1.484375E-2
-2.693828E-1	-1.757812E-2
-3.237578E-1	-2.031250E-2
-3.753008E-1	-2.304687E-2
-4.240117E-1	-2.500000E-2
-4.727226E-1	-2.734375E-2
-5.214336E-1	-2.968750E-2
-5.695781E-1	-3.203125E-2
-6.120586E-1	-3.398437E-2
-6.522734E-1	-3.593750E-2
-6.913555E-1	-3.750000E-2
-7.298711E-1	-3.906250E-2
-7.683867E-1	-4.101562E-2
-8.029375E-1	-4.257812E-2
-8.312578E-1	-4.375000E-2
-8.527812E-1	-4.492187E-2
-8.692070E-1	-4.570312E-2
-8.822344E-1	-4.609375E-2
-8.935625E-1	-4.648437E-2
-9.020586E-1	-4.687500E-2
-9.077226E-1	-4.687500E-2
-9.128203E-1	-4.726562E-2
-9.156523E-1	-4.726562E-2
-9.173515E-1	-4.726562E-2
-9.179180E-1	-4.726562E-2
-9.128203E-1	-4.687500E-2
-9.014922E-1	-4.609375E-2
-8.822344E-1	-4.492187E-2
-8.584453E-1	-4.375000E-2
-8.312578E-1	-4.257812E-2
-8.006719E-1	-4.101562E-2
-7.683867E-1	-3.906250E-2
-7.304375E-1	-3.750000E-2
-6.890898E-1	-3.554687E-2
-6.466094E-1	-3.359375E-2
-6.018633E-1	-3.125000E-2
-5.554180E-1	-2.890625E-2
-5.078398E-1	-2.656250E-2
-4.574297E-1	-2.421875E-2
-4.007891E-1	-2.148437E-2
-3.418828E-1	-1.875000E-2
-2.812773E-1	-1.562500E-2
-2.212383E-1	-1.289062E-2
-1.640312E-1	-1.054687E-2
-1.090898E-1	-7.812499E-3
-5.641406E-2	-5.468749E-3
-4.304686E-3	-3.125000E-3
4.610547E-2	-7.812499E-4
9.651562E-2	2.343750E-3
1.503242E-1	5.468749E-3
2.063984E-1	8.203124E-3
2.613398E-1	1.054687E-2
3.179805E-1	1.328125E-2
3.706562E-1	1.562500E-2
4.188008E-1	1.796875E-2
4.663789E-1	2.031250E-2
5.150898E-1	2.226562E-2
5.615351E-1	2.460937E-2
6.040156E-1	2.656250E-2
6.453633E-1	2.851562E-2
6.867109E-1	3.046875E-2
7.269258E-1	3.242187E-2
7.648750E-1	3.398437E-2
7.977266E-1	3.554687E-2
8.266133E-1	3.710937E-2
8.487031E-1	3.789062E-2
8.662617E-1	3.867187E-2
8.792890E-1	3.945312E-2
8.906172E-1	3.984375E-2
8.985469E-1	4.023437E-2
9.053437E-1	4.023437E-2
9.098750E-1	4.023437E-2
9.138398E-1	4.062500E-2
9.161055E-1	4.023437E-2
9.161055E-1	4.023437E-2
9.104414E-1	3.984375E-2
8.974140E-1	3.906250E-2
8.781562E-1	3.828125E-2
8.538008E-1	3.710937E-2
8.260469E-1	3.554687E-2
7.965937E-1	3.398437E-2
7.643086E-1	3.242187E-2
7.269258E-1	3.046875E-2
6.855781E-1	2.851562E-2
6.413984E-1	2.617187E-2
5.966523E-1	2.382812E-2
5.502070E-1	2.148437E-2
5.054609E-1	1.914062E-2
4.561836E-1	1.679687E-2
3.984102E-1	1.406250E-2
3.366719E-1	1.132812E-2
2.755000E-1	8.593749E-3
2.182930E-1	5.859374E-3
1.605195E-1	3.125000E-3
1.055781E-1	7.812499E-4
5.460156E-2	-1.953125E-3
1.925783E-3	-4.296875E-3
-4.961718E-2	-7.031249E-3
-1.022930E-1	-9.765624E-3
-1.572344E-1	-1.210937E-2
-2.127422E-1	-1.484375E-2
-2.688164E-1	-1.757812E-2
-3.243242E-1	-2.031250E-2
-3.770000E-1	-2.304687E-2
-4.245781E-1	-2.500000E-2
-4.727226E-1	-2.734375E-2
-5.214336E-1	-2.968750E-2
-5.690117E-1	-3.203125E-2
-6.120586E-1	-3.398437E-2
-6.517070E-1	-3.593750E-2
-6.907890E-1	-3.750000E-2
-7.310039E-1	-3.945312E-2
-7.683867E-1	-4.101562E-2
-8.029375E-1	-4.257812E-2
-8.312578E-1	-4.375000E-2
-8.522148E-1	-4.492187E-2
-8.686406E-1	-4.570312E-2
-8.816680E-1	-4.609375E-2
-8.924297E-1	-4.648437E-2
-9.009258E-1	-4.687500E-2
-9.065898E-1	-4.687500E-2
-9.116875E-1	-4.687500E-2
-9.145195E-1	-4.726562E-2
-9.167851E-1	-4.726562E-2
-9.173515E-1	-4.687500E-2
-9.128203E-1	-4.648437E-2
-9.003594E-1	-4.609375E-2
-8.822344E-1	-4.492187E-2
-8.590117E-1	-4.375000E-2
-8.318242E-1	-4.257812E-2
-8.012383E-1	-4.101562E-2
-7.672539E-1	-3.945312E-2
-7.304375E-1	-3.750000E-2
-6.896562E-1	-3.554687E-2
-6.466094E-1	-3.359375E-2
-6.012969E-1	-3.125000E-2
-5.542851E-1	-2.890625E-2
-5.067070E-1	-2.656250E-2
-4.574297E-1	-2.421875E-2
-3.996562E-1	-2.148437E-2
-3.401836E-1	-1.875000E-2
-2.801445E-1	-1.562500E-2
-2.195391E-1	-1.289062E-2
-1.628984E-1	-1.054687E-2
-1.073906E-1	-7.812499E-3
-5.414843E-2	-5.468749E-3
-9.062483E-4	-2.734375E-3
4.950391E-2	-3.906250E-4
9.991406E-2	2.343750E-3
1.542891E-1	5.468749E-3
2.103633E-1	8.203124E-3
2.647383E-1	1.054687E-2
3.208125E-1	1.328125E-2
3.740547E-1	1.562500E-2
4.210664E-1	1.796875E-2
4.686445E-1	2.031250E-2
5.173555E-1	2.265625E-2
5.638008E-1	2.460937E-2
6.068476E-1	2.695312E-2
6.481953E-1	2.890625E-2
6.895430E-1	3.085937E-2
7.303242E-1	3.242187E-2
7.671406E-1	3.437500E-2
8.005586E-1	3.554687E-2
8.283125E-1	3.710937E-2
8.498359E-1	3.789062E-2
8.668281E-1	3.867187E-2
8.804219E-1	3.945312E-2
8.906172E-1	3.984375E-2
8.991133E-1	3.984375E-2
9.064765E-1	4.023437E-2
9.110078E-1	4.023437E-2
9.144062E-1	4.023437E-2
9.161055E-1	4.023437E-2
9.161055E-1	4.023437E-2
9.104414E-1	3.984375E-2
8.979805E-1	3.906250E-2
8.787226E-1	3.828125E-2
8.543672E-1	3.710937E-2
8.260469E-1	3.554687E-2
7.960273E-1	3.398437E-2
7.626094E-1	3.242187E-2
7.252266E-1	3.046875E-2
6.833125E-1	2.851562E-2
6.385664E-1	2.617187E-2
5.926875E-1	2.382812E-2
5.479414E-1	2.148437E-2
5.031953E-1	1.914062E-2
4.522187E-1	1.679687E-2
3.955781E-1	1.406250E-2
3.338398E-1	1.132812E-2
2.732344E-1	8.593749E-3
2.143281E-1	5.859374E-3
1.565547E-1	3.125000E-3
1.021797E-1	3.906250E-4
5.007031E-2	-2.343750E-3
-2.039061E-3	-4.687500E-3
-5.471484E-2	-7.031249E-3
-1.068242E-1	-9.765624E-3
-1.611992E-1	-1.250000E-2
-2.172734E-1	-1.523437E-2
-2.739141E-1	-1.796875E-2
-3.288555E-1	-2.070312E-2
-3.809648E-1	-2.304687E-2
-4.285430E-1	-2.539062E-2
-4.766875E-1	-2.773437E-2
-5.253984E-1	-3.007812E-2
-5.735430E-1	-3.242187E-2
-6.160234E-1	-3.437500E-2
-6.556719E-1	-3.593750E-2
-6.953203E-1	-3.789062E-2
-7.344023E-1	-3.945312E-2
-7.723515E-1	-4.101562E-2
-8.057695E-1	-4.257812E-2
-8.340898E-1	-4.414062E-2
-8.544805E-1	-4.492187E-2
-8.703398E-1	-4.570312E-2
-8.845000E-1	-4.609375E-2
-8.946953E-1	-4.648437E-2
-9.026250E-1	-4.687500E-2
-9.088555E-1	-4.726562E-2
-9.128203E-1	-4.726562E-2
-9.156523E-1	-4.726562E-2
-9.179180E-1	-4.726562E-2
-9.179180E-1	-4.726562E-2
-9.128203E-1	-4.687500E-2
-9.009258E-1	-4.609375E-2
-8.822344E-1	-4.531250E-2
-8.573125E-1	-4.375000E-2
-8.295586E-1	-4.218750E-2
-7.984062E-1	-4.101562E-2
-7.644219E-1	-3.906250E-2
-7.264726E-1	-3.750000E-2
-6.851250E-1	-3.554687E-2
-6.426445E-1	-3.320312E-2
-5.967656E-1	-3.125000E-2
-5.497539E-1	-2.890625E-2
-5.038750E-1	-2.656250E-2
-4.534648E-1	-2.382812E-2
-3.956914E-1	-2.148437E-2
-3.356523E-1	-1.835937E-2
-2.750469E-1	-1.562500E-2
-2.161406E-1	-1.289062E-2
-1.583672E-1	-1.015625E-2
-1.034258E-1	-7.812499E-3
-5.018359E-2	-5.468749E-3
1.925783E-3	-2.734375E-3
5.233594E-2	-3.906250E-4
1.021797E-1	2.734375E-3
1.565547E-1	5.468749E-3
2.131953E-1	8.203124E-3
2.681367E-1	1.093750E-2
3.242109E-1	1.328125E-2
3.763203E-1	1.562500E-2
4.238984E-1	1.796875E-2
4.714766E-1	2.031250E-2
5.201875E-1	2.265625E-2
5.660664E-1	2.500000E-2
6.096797E-1	2.695312E-2
6.510273E-1	2.890625E-2
6.918086E-1	3.085937E-2
7.320234E-1	3.242187E-2
7.694062E-1	3.437500E-2
8.022578E-1	3.593750E-2
8.294453E-1	3.710937E-2
8.515351E-1	3.789062E-2
8.679609E-1	3.867187E-2
8.815547E-1	3.945312E-2
8.923164E-1	3.984375E-2
9.002461E-1	3.984375E-2
9.070430E-1	4.023437E-2
9.115742E-1	4.023437E-2
9.144062E-1	4.023437E-2
9.166719E-1	4.023437E-2
9.161055E-1	4.023437E-2
9.098750E-1	3.984375E-2
8.962812E-1	3.906250E-2
8.764570E-1	3.789062E-2
8.515351E-1	3.671875E-2
8.226484E-1	3.515625E-2
7.926289E-1	3.359375E-2
7.603437E-1	3.203125E-2
7.240937E-1	3.007812E-2
6.810469E-1	2.812500E-2
6.357344E-1	2.578125E-2
5.904219E-1	2.343750E-2
5.445430E-1	2.109375E-2
5.003633E-1	1.914062E-2
4.505195E-1	1.640625E-2
3.927461E-1	1.367187E-2
3.310078E-1	1.132812E-2
2.698359E-1	8.593749E-3
2.103633E-1	5.859374E-3
1.537227E-1	2.734375E-3
9.878125E-2	3.906250E-4
4.780469E-2	-2.343750E-3
-4.304686E-3	-4.687500E-3
-5.641406E-2	-7.031249E-3
-1.090898E-1	-1.015625E-2
-1.634648E-1	-1.250000E-2
-2.201055E-1	-1.523437E-2
-2.756133E-1	-1.796875E-2
-3.305547E-1	-2.070312E-2
-3.820976E-1	-2.343750E-2
-4.302422E-1	-2.539062E-2
-4.783867E-1	-2.773437E-2
-5.270976E-1	-3.007812E-2
-5.741094E-1	-3.242187E-2
-6.171562E-1	-3.437500E-2
-6.568047E-1	-3.593750E-2
-6.964531E-1	-3.789062E-2
-7.349687E-1	-3.945312E-2
-7.723515E-1	-4.101562E-2
-8.063359E-1	-4.257812E-2
-8.340898E-1	-4.375000E-2
-8.550469E-1	-4.492187E-2
-8.697734E-1	-4.570312E-2
-8.833672E-1	-4.609375E-2
-8.941289E-1	-4.648437E-2
-9.020586E-1	-4.687500E-2
-9.082890E-1	-4.726562E-2
-9.122539E-1	-4.726562E-2
-9.145195E-1	-4.726562E-2
-9.179180E-1	-4.726562E-2
-9.173515E-1	-4.687500E-2
-9.122539E-1	-4.648437E-2
-8.992265E-1	-4.609375E-2
-8.799687E-1	-4.492187E-2
-8.567461E-1	-4.375000E-2
-8.284258E-1	-4.218750E-2
-7.984062E-1	-4.062500E-2
-7.638555E-1	-3.906250E-2
-7.259062E-1	-3.750000E-2
-6.839922E-1	-3.554687E-2
-6.403789E-1	-3.320312E-2
-5.950664E-1	-3.085937E-2
-5.491875E-1	-2.851562E-2
-5.021758E-1	-2.617187E-2
-4.523320E-1	-2.382812E-2
-3.934258E-1	-2.109375E-2
-3.333867E-1	-1.835937E-2
-2.727812E-1	-1.523437E-2
-2.133086E-1	-1.250000E-2
-1.561016E-1	-1.015625E-2
-1.017266E-1	-7.421874E-3
-4.791797E-2	-5.078124E-3
4.191408E-3	-2.734375E-3
5.573438E-2	0.000000E+0
1.067109E-1	3.125000E-3
1.622187E-1	5.859374E-3
2.182930E-1	8.593749E-3
2.726680E-1	1.132812E-2
3.287422E-1	1.367187E-2
3.808516E-1	1.601562E-2
4.272969E-1	1.835937E-2
4.754414E-1	2.070312E-2
5.241523E-1	2.304687E-2
5.700312E-1	2.500000E-2
6.136445E-1	2.734375E-2
6.549922E-1	2.929687E-2
6.969062E-1	3.125000E-2
7.365547E-1	3.281250E-2
7.733711E-1	3.476562E-2
8.056562E-1	3.593750E-2
8.328437E-1	3.750000E-2
8.538008E-1	3.828125E-2
8.702265E-1	3.906250E-2
8.838203E-1	3.945312E-2
8.940156E-1	3.984375E-2
9.025117E-1	4.023437E-2
9.087422E-1	4.023437E-2
9.127070E-1	4.023437E-2
9.155390E-1	4.023437E-2
9.178047E-1	4.023437E-2
9.172383E-1	4.023437E-2
9.110078E-1	3.984375E-2
8.974140E-1	3.906250E-2
8.775898E-1	3.828125E-2
8.532344E-1	3.710937E-2
8.243476E-1	3.554687E-2
7.937617E-1	3.398437E-2
7.614766E-1	3.203125E-2
7.229609E-1	3.046875E-2
6.793476E-1	2.851562E-2
6.334687E-1	2.578125E-2
5.870234E-1	2.382812E-2
5.422773E-1	2.148437E-2
4.980976E-1	1.914062E-2
4.476875E-1	1.679687E-2
3.893477E-1	1.406250E-2
3.264766E-1	1.132812E-2
2.653047E-1	8.203124E-3
2.069648E-1	5.468749E-3
1.497578E-1	2.734375E-3
9.538281E-2	0.000000E+0
4.440625E-2	-2.343750E-3
-8.835936E-3	-4.687500E-3
-6.094531E-2	-7.421874E-3
-1.136211E-1	-1.015625E-2
-1.685625E-1	-1.289062E-2
-2.246367E-1	-1.562500E-2
-2.801445E-1	-1.835937E-2
-3.350859E-1	-2.070312E-2
-3.854961E-1	-2.343750E-2
-4.330742E-1	-2.578125E-2
-4.806523E-1	-2.773437E-2
-5.304961E-1	-3.046875E-2
-5.780742E-1	-3.242187E-2
-6.211211E-1	-3.437500E-2
-6.613359E-1	-3.632812E-2
-7.004180E-1	-3.789062E-2
-7.389336E-1	-3.984375E-2
-7.763164E-1	-4.140625E-2
-8.097344E-1	-4.296875E-2
-8.363555E-1	-4.414062E-2
-8.573125E-1	-4.492187E-2
-8.726055E-1	-4.570312E-2
-8.861992E-1	-4.609375E-2
-8.963945E-1	-4.648437E-2
-9.037578E-1	-4.687500E-2
-9.099883E-1	-4.687500E-2
-9.139531E-1	-4.726562E-2
-9.167851E-1	-4.726562E-2
-9.184844E-1	-4.726562E-2
-9.184844E-1	-4.687500E-2
-9.128203E-1	-4.687500E-2
-9.009258E-1	-4.609375E-2
-8.811015E-1	-4.492187E-2
-8.556133E-1	-4.375000E-2
-8.272930E-1	-4.218750E-2
-7.967070E-1	-4.062500E-2
-7.627226E-1	-3.906250E-2
-7.236406E-1	-3.750000E-2
-6.811601E-1	-3.515625E-2
-6.375469E-1	-3.320312E-2
-5.911016E-1	-3.085937E-2
-5.452226E-1	-2.851562E-2
-4.993437E-1	-2.617187E-2
-4.489336E-1	-2.382812E-2
-3.905937E-1	-2.109375E-2
-3.299883E-1	-1.796875E-2
-2.682500E-1	-1.523437E-2
-2.082109E-1	-1.250000E-2
-1.515703E-1	-9.765624E-3
-9.889453E-2	-7.421874E-3
-4.621875E-2	-5.078124E-3
5.890627E-3	-2.734375E-3
5.743359E-2	0.000000E+0
1.084102E-1	3.125000E-3
1.639180E-1	6.249999E-3
2.205586E-1	8.593749E-3
2.755000E-1	1.132812E-2
3.304414E-1	1.367187E-2
3.814180E-1	1.601562E-2
4.278633E-1	1.835937E-2
4.760078E-1	2.070312E-2
5.247187E-1	2.304687E-2
5.717305E-1	2.539062E-2
6.147773E-1	2.734375E-2
6.566914E-1	2.929687E-2
6.980391E-1	3.125000E-2
7.371211E-1	3.281250E-2
7.745039E-1	3.437500E-2
8.062226E-1	3.593750E-2
8.328437E-1	3.750000E-2
8.555000E-1	3.828125E-2
8.702265E-1	3.906250E-2
8.843867E-1	3.945312E-2
8.945820E-1	3.984375E-2
9.025117E-1	4.023437E-2
9.087422E-1	4.023437E-2
9.132734E-1	4.062500E-2
9.161055E-1	4.062500E-2
9.178047E-1	4.023437E-2
9.172383E-1	4.023437E-2
9.093086E-1	3.984375E-2
8.940156E-1	3.906250E-2
8.730586E-1	3.789062E-2
8.481367E-1	3.671875E-2
8.198164E-1	3.515625E-2
7.903633E-1	3.359375E-2
7.580781E-1	3.203125E-2
7.206953E-1	3.007812E-2
6.770820E-1	2.812500E-2
6.317695E-1	2.578125E-2
5.870234E-1	2.343750E-2
5.411445E-1	2.109375E-2
4.952656E-1	1.875000E-2
4.448555E-1	1.640625E-2
3.865156E-1	1.367187E-2
3.247773E-1	1.093750E-2
2.641719E-1	8.203124E-3
2.058320E-1	5.468749E-3
1.486250E-1	2.734375E-3
9.481641E-2	0.000000E+0
4.327344E-2	-2.343750E-3
-9.402342E-3	-4.687500E-3
-6.037890E-2	-7.421874E-3
-1.136211E-1	-1.015625E-2
-1.679961E-1	-1.289062E-2
-2.246367E-1	-1.562500E-2
-2.807109E-1	-1.835937E-2
-3.356523E-1	-2.109375E-2
-3.866289E-1	-2.343750E-2
-4.342070E-1	-2.578125E-2
-4.812187E-1	-2.812500E-2
-5.299297E-1	-3.046875E-2
-5.775078E-1	-3.281250E-2
-6.199883E-1	-3.437500E-2
-6.607695E-1	-3.632812E-2
-7.004180E-1	-3.789062E-2
-7.389336E-1	-3.984375E-2
-7.757500E-1	-4.140625E-2
-8.091680E-1	-4.296875E-2
-8.369219E-1	-4.414062E-2
-8.567461E-1	-4.492187E-2
-8.720390E-1	-4.570312E-2
-8.850664E-1	-4.609375E-2
-8.958281E-1	-4.648437E-2
-9.031914E-1	-4.687500E-2
-9.094219E-1	-4.726562E-2
-9.133867E-1	-4.726562E-2
-9.162187E-1	-4.726562E-2
-9.184844E-1	-4.726562E-2
-9.179180E-1	-4.726562E-2
-9.111211E-1	-4.648437E-2
-8.980937E-1	-4.570312E-2
-8.788359E-1	-4.492187E-2
-8.544805E-1	-4.375000E-2
-8.272930E-1	-4.218750E-2
-7.961406E-1	-4.062500E-2
-7.621562E-1	-3.906250E-2
-7.230742E-1	-3.750000E-2
-6.805937E-1	-3.515625E-2
-6.369805E-1	-3.320312E-2
-5.911016E-1	-3.085937E-2
-5.446562E-1	-2.851562E-2
-4.993437E-1	-2.617187E-2
-4.478008E-1	-2.382812E-2
-3.894609E-1	-2.109375E-2
-3.288555E-1	-1.835937E-2
-2.682500E-1	-1.523437E-2
-2.076445E-1	-1.250000E-2
-1.504375E-1	-1.015625E-2
-9.662890E-2	-7.421874E-3
-4.395312E-2	-5.078124E-3
8.722658E-3	-2.734375E-3
5.856641E-2	0.000000E+0
1.101094E-1	3.125000E-3
1.650508E-1	5.859374E-3
2.211250E-1	8.593749E-3
2.760664E-1	1.132812E-2
3.321406E-1	1.367187E-2
3.831172E-1	1.601562E-2
4.295625E-1	1.835937E-2
4.771406E-1	2.070312E-2
5.269844E-1	2.304687E-2
5.739961E-1	2.539062E-2
6.170430E-1	2.734375E-2
6.589570E-1	2.929687E-2
7.003047E-1	3.125000E-2
7.382539E-1	3.281250E-2
7.756367E-1	3.476562E-2
8.073555E-1	3.632812E-2
8.339765E-1	3.750000E-2
8.549336E-1	3.828125E-2
8.707930E-1	3.906250E-2
8.843867E-1	3.945312E-2
8.945820E-1	3.984375E-2
9.030781E-1	4.023437E-2
9.087422E-1	4.023437E-2
9.127070E-1	4.023437E-2
9.155390E-1	4.062500E-2
9.172383E-1	4.023437E-2
9.161055E-1	4.023437E-2
9.087422E-1	3.984375E-2
8.945820E-1	3.906250E-2
8.747578E-1	3.789062E-2
8.498359E-1	3.671875E-2
8.203828E-1	3.515625E-2
7.909297E-1	3.359375E-2
7.575117E-1	3.203125E-2
7.189961E-1	3.007812E-2
6.753828E-1	2.812500E-2
6.306367E-1	2.578125E-2
5.841914E-1	2.343750E-2
5.394453E-1	2.109375E-2
4.946992E-1	1.875000E-2
4.425898E-1	1.640625E-2
3.836836E-1	1.367187E-2
3.213789E-1	1.054687E-2
2.602070E-1	8.203124E-3
2.007344E-1	5.468749E-3
1.435273E-1	2.343750E-3
9.028516E-2	0.000000E+0
3.930859E-2	-2.343750E-3
-1.336719E-2	-5.078124E-3
-6.604297E-2	-7.812499E-3
-1.192852E-1	-1.054687E-2
-1.742266E-1	-1.289062E-2
-2.297344E-1	-1.562500E-2
-2.858086E-1	-1.835937E-2
-3.401836E-1	-2.109375E-2
-3.905937E-1	-2.343750E-2
-4.387383E-1	-2.578125E-2
-4.863164E-1	-2.812500E-2
-5.355937E-1	-3.046875E-2
-5.837383E-1	-3.281250E-2
-6.262187E-1	-3.476562E-2
-6.653008E-1	-3.671875E-2
-7.049492E-1	-3.828125E-2
-7.434648E-1	-3.984375E-2
-7.797148E-1	-4.140625E-2
-8.125664E-1	-4.296875E-2
-8.386211E-1	-4.414062E-2
-8.590117E-1	-4.531250E-2
-8.743047E-1	-4.570312E-2
-8.873320E-1	-4.609375E-2
-8.975273E-1	-4.648437E-2
-9.054570E-1	-4.687500E-2
-9.105547E-1	-4.726562E-2
-9.145195E-1	-4.726562E-2
-9.179180E-1	-4.726562E-2
-9.190508E-1	-4.726562E-2
-9.184844E-1	-4.726562E-2
-9.122539E-1	-4.687500E-2
-8.986601E-1	-4.609375E-2
-8.777031E-1	-4.492187E-2
-8.527812E-1	-4.335937E-2
-8.244609E-1	-4.218750E-2
-7.933086E-1	-4.062500E-2
-7.593242E-1	-3.906250E-2
-7.202422E-1	-3.710937E-2
-6.777617E-1	-3.515625E-2
-6.335820E-1	-3.281250E-2
-5.877031E-1	-3.046875E-2
-5.418242E-1	-2.812500E-2
-4.953789E-1	-2.578125E-2
-4.438359E-1	-2.343750E-2
-3.854961E-1	-2.070312E-2
-3.248906E-1	-1.796875E-2
-2.642851E-1	-1.484375E-2
-2.042461E-1	-1.210937E-2
-1.470391E-1	-9.765624E-3
-9.323047E-2	-7.031249E-3
