X (Volt)	Y (Volt)
-8.190234E-2	-6.640624E-3
-2.922656E-2	-4.296875E-3
2.231641E-2	-1.953125E-3
7.216016E-2	7.812499E-4
1.237031E-1	3.125000E-3
1.786445E-1	5.859374E-3
2.341523E-1	8.593749E-3
2.896602E-1	1.093750E-2
3.451680E-1	1.328125E-2
3.944453E-1	1.562500E-2
4.403242E-1	1.796875E-2
4.879023E-1	2.031250E-2
5.354805E-1	2.226562E-2
5.796601E-1	2.460937E-2
6.215742E-1	2.656250E-2
6.612226E-1	2.851562E-2
7.020039E-1	3.046875E-2
7.410859E-1	3.203125E-2
7.767695E-1	3.359375E-2
8.073555E-1	3.515625E-2
8.322773E-1	3.632812E-2
8.526680E-1	3.710937E-2
8.679609E-1	3.750000E-2
8.809883E-1	3.828125E-2
8.911836E-1	3.867187E-2
8.985469E-1	3.867187E-2
9.047773E-1	3.906250E-2
9.087422E-1	3.906250E-2
9.110078E-1	3.906250E-2
9.121406E-1	3.906250E-2
9.098750E-1	3.867187E-2
8.985469E-1	3.828125E-2
8.815547E-1	3.750000E-2
8.583320E-1	3.632812E-2
8.317109E-1	3.476562E-2
8.033906E-1	3.320312E-2
7.733711E-1	3.203125E-2
7.393867E-1	3.007812E-2
7.020039E-1	2.812500E-2
6.606562E-1	2.617187E-2
6.176094E-1	2.382812E-2
5.728633E-1	2.187500E-2
5.264180E-1	1.953125E-2
4.760078E-1	1.679687E-2
4.199336E-1	1.445312E-2
3.598945E-1	1.171875E-2
2.981562E-1	8.984374E-3
2.398164E-1	6.249999E-3
1.820430E-1	3.515625E-3
1.259687E-1	7.812499E-4
7.385938E-2	-1.562500E-3
2.175000E-2	-3.906250E-3
-2.979297E-2	-6.249999E-3
-8.133593E-2	-8.984374E-3
-1.328789E-1	-1.132812E-2
-1.878203E-1	-1.367187E-2
-2.444609E-1	-1.601562E-2
-2.994023E-1	-1.875000E-2
-3.532109E-1	-2.148437E-2
-4.024883E-1	-2.382812E-2
-4.495000E-1	-2.578125E-2
-4.976445E-1	-2.812500E-2
-5.452226E-1	-3.046875E-2
-5.894023E-1	-3.242187E-2
-6.307500E-1	-3.437500E-2
-6.686992E-1	-3.593750E-2
-7.077812E-1	-3.789062E-2
-7.451640E-1	-3.945312E-2
-7.808476E-1	-4.101562E-2
-8.125664E-1	-4.218750E-2
-8.374883E-1	-4.335937E-2
-8.561797E-1	-4.414062E-2
-8.709062E-1	-4.492187E-2
-8.833672E-1	-4.531250E-2
-8.935625E-1	-4.570312E-2
-9.003594E-1	-4.609375E-2
-9.060234E-1	-4.609375E-2
-9.094219E-1	-4.609375E-2
-9.116875E-1	-4.609375E-2
-9.128203E-1	-4.609375E-2
-9.099883E-1	-4.609375E-2
-9.003594E-1	-4.531250E-2
-8.839336E-1	-4.453125E-2
-8.612773E-1	-4.335937E-2
-8.346562E-1	-4.218750E-2
-8.063359E-1	-4.062500E-2
-7.757500E-1	-3.906250E-2
-7.411992E-1	-3.750000E-2
-7.038164E-1	-3.593750E-2
-6.630351E-1	-3.398437E-2
-6.205547E-1	-3.164062E-2
-5.741094E-1	-2.929687E-2
-5.259648E-1	-2.695312E-2
-4.761211E-1	-2.460937E-2
-4.194805E-1	-2.187500E-2
-3.605742E-1	-1.914062E-2
-3.016680E-1	-1.601562E-2
-2.427617E-1	-1.367187E-2
-1.844219E-1	-1.093750E-2
-1.283477E-1	-8.593749E-3
-7.397265E-2	-5.859374E-3
-2.129687E-2	-3.515625E-3
2.854688E-2	-1.562500E-3
7.782422E-2	1.171875E-3
1.299336E-1	3.906250E-3
1.854414E-1	6.249999E-3
2.409492E-1	8.984374E-3
2.958906E-1	1.132812E-2
3.508320E-1	1.367187E-2
4.001094E-1	1.601562E-2
4.465547E-1	1.835937E-2
4.941328E-1	2.070312E-2
5.411445E-1	2.265625E-2
5.841914E-1	2.500000E-2
6.249726E-1	2.656250E-2
6.657539E-1	2.890625E-2
7.071016E-1	3.046875E-2
7.456172E-1	3.242187E-2
7.801680E-1	3.398437E-2
8.107539E-1	3.515625E-2
8.356758E-1	3.632812E-2
8.555000E-1	3.710937E-2
8.707930E-1	3.789062E-2
8.826875E-1	3.828125E-2
8.923164E-1	3.867187E-2
8.996797E-1	3.867187E-2
9.059101E-1	3.906250E-2
9.093086E-1	3.906250E-2
9.115742E-1	3.906250E-2
9.127070E-1	3.906250E-2
9.093086E-1	3.867187E-2
8.974140E-1	3.828125E-2
8.792890E-1	3.710937E-2
8.560664E-1	3.593750E-2
8.288789E-1	3.476562E-2
7.994258E-1	3.320312E-2
7.688398E-1	3.164062E-2
7.348555E-1	3.007812E-2
6.969062E-1	2.812500E-2
6.555586E-1	2.578125E-2
6.113789E-1	2.343750E-2
5.660664E-1	2.148437E-2
5.196211E-1	1.914062E-2
4.697773E-1	1.679687E-2
4.137031E-1	1.406250E-2
3.525312E-1	1.132812E-2
2.907930E-1	8.593749E-3
2.335859E-1	5.859374E-3
1.758125E-1	3.125000E-3
1.203047E-1	3.906250E-4
6.876172E-2	-1.953125E-3
1.721875E-2	-4.296875E-3
-3.432422E-2	-6.640624E-3
-8.586718E-2	-8.984374E-3
-1.385430E-1	-1.132812E-2
-1.934844E-1	-1.367187E-2
-2.495586E-1	-1.640625E-2
-3.045000E-1	-1.914062E-2
-3.577422E-1	-2.148437E-2
-4.064531E-1	-2.382812E-2
-4.534648E-1	-2.617187E-2
-4.999101E-1	-2.812500E-2
-5.474883E-1	-3.046875E-2
-5.922344E-1	-3.242187E-2
-6.330156E-1	-3.437500E-2
-6.709648E-1	-3.632812E-2
-7.100469E-1	-3.789062E-2
-7.474297E-1	-3.945312E-2
-7.825469E-1	-4.101562E-2
-8.136992E-1	-4.218750E-2
-8.380547E-1	-4.335937E-2
-8.573125E-1	-4.414062E-2
-8.714726E-1	-4.492187E-2
-8.833672E-1	-4.531250E-2
-8.935625E-1	-4.570312E-2
-9.003594E-1	-4.609375E-2
-9.054570E-1	-4.609375E-2
-9.094219E-1	-4.648437E-2
-9.111211E-1	-4.648437E-2
-9.128203E-1	-4.609375E-2
-9.094219E-1	-4.609375E-2
-8.980937E-1	-4.531250E-2
-8.799687E-1	-4.453125E-2
-8.578789E-1	-4.335937E-2
-8.312578E-1	-4.179687E-2
-8.023711E-1	-4.062500E-2
-7.712187E-1	-3.906250E-2
-7.366680E-1	-3.750000E-2
-6.992851E-1	-3.554687E-2
-6.585039E-1	-3.359375E-2
-6.160234E-1	-3.164062E-2
-5.695781E-1	-2.929687E-2
-5.208672E-1	-2.695312E-2
-4.710234E-1	-2.421875E-2
-4.138164E-1	-2.187500E-2
-3.554766E-1	-1.875000E-2
-2.965703E-1	-1.601562E-2
-2.382305E-1	-1.328125E-2
-1.793242E-1	-1.093750E-2
-1.243828E-1	-8.593749E-3
-7.114062E-2	-5.859374E-3
-1.903125E-2	-3.515625E-3
3.307813E-2	-1.171875E-3
8.178906E-2	1.171875E-3
1.344648E-1	3.906250E-3
1.899727E-1	6.640624E-3
2.454805E-1	8.984374E-3
3.004219E-1	1.132812E-2
3.553633E-1	1.406250E-2
4.029414E-1	1.601562E-2
4.499531E-1	1.835937E-2
4.975312E-1	2.070312E-2
5.434101E-1	2.265625E-2
5.864570E-1	2.460937E-2
6.283711E-1	2.656250E-2
6.680195E-1	2.890625E-2
7.088008E-1	3.046875E-2
7.467500E-1	3.242187E-2
7.813008E-1	3.398437E-2
8.118867E-1	3.515625E-2
8.368086E-1	3.632812E-2
8.555000E-1	3.710937E-2
8.707930E-1	3.789062E-2
8.821211E-1	3.828125E-2
8.928828E-1	3.867187E-2
9.002461E-1	3.906250E-2
9.059101E-1	3.906250E-2
9.093086E-1	3.906250E-2
9.115742E-1	3.906250E-2
9.121406E-1	3.906250E-2
9.076094E-1	3.867187E-2
8.951484E-1	3.828125E-2
8.764570E-1	3.710937E-2
8.526680E-1	3.593750E-2
8.254805E-1	3.476562E-2
7.965937E-1	3.320312E-2
7.665742E-1	3.164062E-2
7.325898E-1	3.007812E-2
6.935078E-1	2.812500E-2
6.527266E-1	2.578125E-2
6.096797E-1	2.382812E-2
5.632344E-1	2.148437E-2
5.173555E-1	1.914062E-2
4.663789E-1	1.679687E-2
4.091719E-1	1.406250E-2
3.480000E-1	1.132812E-2
2.873945E-1	8.593749E-3
2.296211E-1	5.859374E-3
1.712812E-1	3.125000E-3
1.152070E-1	3.906250E-4
6.366406E-2	-1.953125E-3
1.155469E-2	-4.296875E-3
-3.998828E-2	-6.640624E-3
-9.153125E-2	-8.984374E-3
-1.442070E-1	-1.171875E-2
-1.991484E-1	-1.406250E-2
-2.552227E-1	-1.640625E-2
-3.107305E-1	-1.914062E-2
-3.639726E-1	-2.187500E-2
-4.121172E-1	-2.421875E-2
-4.591289E-1	-2.617187E-2
-5.061406E-1	-2.851562E-2
-5.537187E-1	-3.085937E-2
-5.967656E-1	-3.281250E-2
-6.375469E-1	-3.476562E-2
-6.760625E-1	-3.632812E-2
-7.151445E-1	-3.789062E-2
-7.525273E-1	-3.945312E-2
-7.865117E-1	-4.101562E-2
-8.176640E-1	-4.257812E-2
-8.408867E-1	-4.335937E-2
-8.595781E-1	-4.414062E-2
-8.731719E-1	-4.492187E-2
-8.856328E-1	-4.531250E-2
-8.946953E-1	-4.570312E-2
-9.020586E-1	-4.609375E-2
-9.065898E-1	-4.609375E-2
-9.099883E-1	-4.609375E-2
-9.122539E-1	-4.609375E-2
-9.128203E-1	-4.609375E-2
-9.082890E-1	-4.609375E-2
-8.969609E-1	-4.531250E-2
-8.782695E-1	-4.414062E-2
-8.556133E-1	-4.296875E-2
-8.289922E-1	-4.179687E-2
-7.995390E-1	-4.023437E-2
-7.689531E-1	-3.867187E-2
-7.338359E-1	-3.710937E-2
-6.953203E-1	-3.554687E-2
-6.551055E-1	-3.359375E-2
-6.114922E-1	-3.125000E-2
-5.644805E-1	-2.890625E-2
-5.163359E-1	-2.656250E-2
-4.647930E-1	-2.421875E-2
-4.081523E-1	-2.148437E-2
-3.498125E-1	-1.875000E-2
-2.903398E-1	-1.562500E-2
-2.308672E-1	-1.328125E-2
-1.725273E-1	-1.054687E-2
-1.175859E-1	-8.203124E-3
-6.434375E-2	-5.859374E-3
-1.223437E-2	-3.515625E-3
3.874219E-2	-1.171875E-3
8.745313E-2	1.562500E-3
1.401289E-1	4.296875E-3
1.950703E-1	6.640624E-3
2.505781E-1	9.374999E-3
3.055195E-1	1.171875E-2
3.593281E-1	1.406250E-2
4.074727E-1	1.640625E-2
4.539180E-1	1.875000E-2
5.014961E-1	2.070312E-2
5.479414E-1	2.304687E-2
5.915547E-1	2.500000E-2
6.323359E-1	2.695312E-2
6.731172E-1	2.890625E-2
7.133320E-1	3.085937E-2
7.518476E-1	3.242187E-2
7.852656E-1	3.398437E-2
8.147187E-1	3.554687E-2
8.390742E-1	3.671875E-2
8.577656E-1	3.750000E-2
8.724922E-1	3.789062E-2
8.843867E-1	3.867187E-2
8.940156E-1	3.867187E-2
9.002461E-1	3.906250E-2
9.059101E-1	3.906250E-2
9.093086E-1	3.906250E-2
9.121406E-1	3.906250E-2
9.121406E-1	3.906250E-2
9.070430E-1	3.867187E-2
8.940156E-1	3.789062E-2
8.747578E-1	3.710937E-2
8.509687E-1	3.593750E-2
8.237812E-1	3.437500E-2
7.948945E-1	3.281250E-2
7.643086E-1	3.125000E-2
7.291914E-1	2.968750E-2
6.906758E-1	2.773437E-2
6.493281E-1	2.539062E-2
6.051484E-1	2.343750E-2
5.592695E-1	2.109375E-2
5.122578E-1	1.875000E-2
4.607148E-1	1.640625E-2
4.035078E-1	1.367187E-2
3.434687E-1	1.093750E-2
2.828633E-1	8.203124E-3
2.250898E-1	5.468749E-3
1.673164E-1	2.734375E-3
1.112422E-1	3.906250E-4
6.026563E-2	-2.343750E-3
8.156252E-3	-4.296875E-3
-4.338672E-2	-7.031249E-3
-9.492968E-2	-9.374999E-3
-1.481719E-1	-1.171875E-2
-2.031133E-1	-1.406250E-2
-2.603203E-1	-1.679687E-2
-3.146953E-1	-1.953125E-2
-3.673711E-1	-2.187500E-2
-4.149492E-1	-2.421875E-2
-4.619609E-1	-2.617187E-2
-5.095391E-1	-2.851562E-2
-5.571172E-1	-3.085937E-2
-6.001641E-1	-3.281250E-2
-6.409453E-1	-3.476562E-2
-6.788945E-1	-3.632812E-2
-7.179765E-1	-3.828125E-2
-7.547930E-1	-3.984375E-2
-7.899101E-1	-4.101562E-2
-8.199297E-1	-4.257812E-2
-8.431523E-1	-4.375000E-2
-8.607109E-1	-4.453125E-2
-8.743047E-1	-4.492187E-2
-8.867656E-1	-4.570312E-2
-8.952617E-1	-4.570312E-2
-9.026250E-1	-4.609375E-2
-9.065898E-1	-4.609375E-2
-9.099883E-1	-4.609375E-2
-9.116875E-1	-4.609375E-2
-9.116875E-1	-4.609375E-2
-9.071562E-1	-4.570312E-2
-8.935625E-1	-4.492187E-2
-8.748711E-1	-4.414062E-2
-8.516484E-1	-4.296875E-2
-8.244609E-1	-4.140625E-2
-7.967070E-1	-4.023437E-2
-7.649883E-1	-3.867187E-2
-7.298711E-1	-3.710937E-2
-6.919219E-1	-3.515625E-2
-6.517070E-1	-3.320312E-2
-6.075273E-1	-3.085937E-2
-5.616484E-1	-2.890625E-2
-5.129375E-1	-2.617187E-2
-4.613945E-1	-2.382812E-2
-4.036211E-1	-2.109375E-2
-3.452812E-1	-1.835937E-2
-2.858086E-1	-1.562500E-2
-2.269023E-1	-1.289062E-2
-1.685625E-1	-1.054687E-2
-1.136211E-1	-7.812499E-3
-6.094531E-2	-5.468749E-3
-8.269529E-3	-3.125000E-3
4.270703E-2	-7.812499E-4
9.198438E-2	1.953125E-3
1.452266E-1	4.687500E-3
2.007344E-1	7.031249E-3
2.556758E-1	9.765624E-3
3.111836E-1	1.210937E-2
3.649922E-1	1.445312E-2
4.125703E-1	1.679687E-2
4.584492E-1	1.875000E-2
5.065937E-1	2.109375E-2
5.530391E-1	2.304687E-2
5.955195E-1	2.539062E-2
6.368672E-1	2.734375E-2
6.765156E-1	2.929687E-2
7.167305E-1	3.085937E-2
7.541133E-1	3.242187E-2
7.875312E-1	3.398437E-2
8.158515E-1	3.554687E-2
8.402070E-1	3.671875E-2
8.577656E-1	3.750000E-2
8.719258E-1	3.789062E-2
8.838203E-1	3.828125E-2
8.928828E-1	3.867187E-2
9.002461E-1	3.906250E-2
9.053437E-1	3.906250E-2
9.081758E-1	3.906250E-2
9.104414E-1	3.906250E-2
9.098750E-1	3.906250E-2
9.036445E-1	3.867187E-2
8.900508E-1	3.789062E-2
8.702265E-1	3.671875E-2
8.453047E-1	3.554687E-2
8.181172E-1	3.437500E-2
7.892305E-1	3.281250E-2
7.592109E-1	3.125000E-2
7.240937E-1	2.968750E-2
6.844453E-1	2.773437E-2
6.430976E-1	2.539062E-2
5.994844E-1	2.304687E-2
5.541719E-1	2.109375E-2
5.071601E-1	1.875000E-2
4.544844E-1	1.601562E-2
3.967109E-1	1.328125E-2
3.355391E-1	1.054687E-2
2.755000E-1	8.203124E-3
2.177266E-1	5.078124E-3
1.593867E-1	2.734375E-3
1.044453E-1	0.000000E+0
5.233594E-2	-2.343750E-3
1.359377E-3	-4.687500E-3
-5.018359E-2	-7.031249E-3
-1.011602E-1	-9.765624E-3
-1.544023E-1	-1.210937E-2
-2.093437E-1	-1.445312E-2
-2.659844E-1	-1.718750E-2
-3.209258E-1	-1.953125E-2
-3.741680E-1	-2.226562E-2
-4.211797E-1	-2.460937E-2
-4.687578E-1	-2.656250E-2
-5.163359E-1	-2.890625E-2
-5.627812E-1	-3.125000E-2
-6.046953E-1	-3.320312E-2
-6.449101E-1	-3.476562E-2
-6.828594E-1	-3.671875E-2
-7.219414E-1	-3.828125E-2
-7.587578E-1	-3.984375E-2
-7.927422E-1	-4.140625E-2
-8.221953E-1	-4.257812E-2
-8.442851E-1	-4.375000E-2
-8.612773E-1	-4.453125E-2
-8.743047E-1	-4.492187E-2
-8.861992E-1	-4.531250E-2
-8.946953E-1	-4.570312E-2
-9.014922E-1	-4.609375E-2
-9.060234E-1	-4.609375E-2
-9.082890E-1	-4.609375E-2
-9.105547E-1	-4.609375E-2
-9.105547E-1	-4.609375E-2
-9.037578E-1	-4.570312E-2
-8.907305E-1	-4.492187E-2
-8.714726E-1	-4.414062E-2
-8.476836E-1	-4.257812E-2
-8.216289E-1	-4.140625E-2
-7.916094E-1	-3.984375E-2
-7.593242E-1	-3.828125E-2
-7.247734E-1	-3.671875E-2
-6.856914E-1	-3.476562E-2
-6.449101E-1	-3.281250E-2
-6.012969E-1	-3.085937E-2
-5.548516E-1	-2.812500E-2
-5.061406E-1	-2.578125E-2
-4.534648E-1	-2.343750E-2
-3.951250E-1	-2.070312E-2
-3.362187E-1	-1.796875E-2
-2.773125E-1	-1.484375E-2
-2.184062E-1	-1.250000E-2
-1.600664E-1	-1.015625E-2
-1.051250E-1	-7.421874E-3
-5.188281E-2	-5.078124E-3
-3.398421E-4	-2.734375E-3
4.950391E-2	-3.906250E-4
9.934766E-2	2.343750E-3
1.525898E-1	4.687500E-3
2.075312E-1	7.421874E-3
2.624727E-1	1.015625E-2
3.179805E-1	1.210937E-2
3.712227E-1	1.484375E-2
4.188008E-1	1.718750E-2
4.652461E-1	1.914062E-2
5.122578E-1	2.148437E-2
5.575703E-1	2.343750E-2
6.000508E-1	2.539062E-2
6.396992E-1	2.734375E-2
6.810469E-1	2.929687E-2
7.206953E-1	3.085937E-2
7.575117E-1	3.281250E-2
7.909297E-1	3.437500E-2
8.198164E-1	3.554687E-2
8.424726E-1	3.671875E-2
8.594648E-1	3.750000E-2
8.736250E-1	3.789062E-2
8.843867E-1	3.828125E-2
8.940156E-1	3.867187E-2
9.008125E-1	3.906250E-2
9.047773E-1	3.906250E-2
9.081758E-1	3.906250E-2
9.104414E-1	3.906250E-2
9.098750E-1	3.906250E-2
9.025117E-1	3.867187E-2
8.883515E-1	3.789062E-2
8.679609E-1	3.671875E-2
8.424726E-1	3.554687E-2
8.152851E-1	3.398437E-2
7.863984E-1	3.242187E-2
7.546797E-1	3.085937E-2
7.195625E-1	2.929687E-2
6.799141E-1	2.734375E-2
6.374336E-1	2.500000E-2
5.943867E-1	2.304687E-2
5.485078E-1	2.070312E-2
5.014961E-1	1.835937E-2
4.476875E-1	1.562500E-2
3.899141E-1	1.289062E-2
3.293086E-1	1.054687E-2
2.692695E-1	7.812499E-3
2.126289E-1	5.078124E-3
1.542891E-1	2.343750E-3
9.991406E-2	-3.906250E-4
4.893750E-2	-2.734375E-3
-3.171873E-3	-5.078124E-3
-5.414843E-2	-7.421874E-3
-1.056914E-1	-9.765624E-3
-1.595000E-1	-1.250000E-2
-2.150078E-1	-1.484375E-2
-2.710820E-1	-1.718750E-2
-3.260234E-1	-1.992187E-2
-3.781328E-1	-2.226562E-2
-4.251445E-1	-2.460937E-2
-4.721562E-1	-2.695312E-2
-5.191680E-1	-2.929687E-2
-5.656133E-1	-3.125000E-2
-6.075273E-1	-3.320312E-2
-6.471758E-1	-3.515625E-2
-6.856914E-1	-3.671875E-2
-7.253398E-1	-3.828125E-2
-7.615898E-1	-3.984375E-2
-7.950078E-1	-4.140625E-2
-8.238945E-1	-4.257812E-2
-8.454180E-1	-4.375000E-2
-8.618437E-1	-4.453125E-2
-8.748711E-1	-4.492187E-2
-8.867656E-1	-4.531250E-2
-8.958281E-1	-4.570312E-2
-9.020586E-1	-4.609375E-2
-9.065898E-1	-4.609375E-2
-9.094219E-1	-4.609375E-2
-9.116875E-1	-4.609375E-2
-9.111211E-1	-4.609375E-2
-9.043242E-1	-4.570312E-2
-8.901640E-1	-4.492187E-2
-8.692070E-1	-4.375000E-2
-8.454180E-1	-4.257812E-2
-8.182305E-1	-4.101562E-2
-7.882109E-1	-3.984375E-2
-7.559258E-1	-3.828125E-2
-7.202422E-1	-3.671875E-2
-6.811601E-1	-3.476562E-2
-6.409453E-1	-3.281250E-2
-5.973320E-1	-3.046875E-2
-5.503203E-1	-2.812500E-2
-5.016094E-1	-2.578125E-2
-4.489336E-1	-2.343750E-2
-3.905937E-1	-2.070312E-2
-3.316875E-1	-1.757812E-2
-2.727812E-1	-1.484375E-2
-2.138750E-1	-1.250000E-2
-1.561016E-1	-9.765624E-3
-1.017266E-1	-7.421874E-3
-4.905078E-2	-5.078124E-3
1.925783E-3	-2.734375E-3
5.233594E-2	-3.906250E-4
1.027461E-1	2.343750E-3
1.565547E-1	5.078124E-3
2.114961E-1	7.421874E-3
2.664375E-1	1.015625E-2
3.219453E-1	1.250000E-2
3.740547E-1	1.484375E-2
4.205000E-1	1.718750E-2
4.675117E-1	1.914062E-2
5.150898E-1	2.148437E-2
5.604023E-1	2.343750E-2
6.028828E-1	2.578125E-2
6.425312E-1	2.734375E-2
6.827461E-1	2.929687E-2
7.223945E-1	3.125000E-2
7.592109E-1	3.281250E-2
7.920625E-1	3.437500E-2
8.203828E-1	3.554687E-2
8.430390E-1	3.671875E-2
8.600312E-1	3.750000E-2
8.736250E-1	3.789062E-2
8.849531E-1	3.828125E-2
8.940156E-1	3.867187E-2
9.002461E-1	3.906250E-2
9.047773E-1	3.906250E-2
9.081758E-1	3.906250E-2
9.104414E-1	3.906250E-2
9.087422E-1	3.867187E-2
9.013789E-1	3.828125E-2
8.860859E-1	3.750000E-2
8.656953E-1	3.671875E-2
8.402070E-1	3.515625E-2
8.135859E-1	3.398437E-2
7.846992E-1	3.242187E-2
7.529805E-1	3.085937E-2
7.167305E-1	2.929687E-2
6.759492E-1	2.695312E-2
6.346016E-1	2.500000E-2
5.909883E-1	2.265625E-2
5.445430E-1	2.031250E-2
4.975312E-1	1.796875E-2
4.437227E-1	1.562500E-2
3.859492E-1	1.289062E-2
3.247773E-1	1.015625E-2
2.647383E-1	7.421874E-3
2.069648E-1	4.687500E-3
1.497578E-1	1.953125E-3
9.538281E-2	-3.906250E-4
4.440625E-2	-2.734375E-3
-7.136717E-3	-5.078124E-3
-5.754687E-2	-7.421874E-3
-1.090898E-1	-1.015625E-2
-1.640312E-1	-1.250000E-2
-2.195391E-1	-1.484375E-2
-2.756133E-1	-1.757812E-2
-3.299883E-1	-2.031250E-2
-3.815312E-1	-2.265625E-2
-4.291094E-1	-2.500000E-2
-4.766875E-1	-2.695312E-2
-5.242656E-1	-2.929687E-2
-5.701445E-1	-3.164062E-2
-6.120586E-1	-3.359375E-2
-6.511406E-1	-3.515625E-2
-6.896562E-1	-3.710937E-2
-7.270390E-1	-3.867187E-2
-7.644219E-1	-4.023437E-2
-7.978398E-1	-4.179687E-2
-8.261601E-1	-4.296875E-2
-8.471172E-1	-4.375000E-2
-8.635430E-1	-4.453125E-2
-8.760039E-1	-4.531250E-2
-8.873320E-1	-4.570312E-2
-8.958281E-1	-4.570312E-2
-9.014922E-1	-4.609375E-2
-9.060234E-1	-4.609375E-2
-9.088555E-1	-4.609375E-2
-9.111211E-1	-4.609375E-2
-9.094219E-1	-4.609375E-2
-9.026250E-1	-4.570312E-2
-8.878984E-1	-4.492187E-2
-8.675078E-1	-4.375000E-2
-8.425859E-1	-4.257812E-2
-8.159648E-1	-4.101562E-2
-7.859453E-1	-3.984375E-2
-7.530937E-1	-3.828125E-2
-7.185430E-1	-3.632812E-2
-6.783281E-1	-3.476562E-2
-6.375469E-1	-3.242187E-2
-5.928008E-1	-3.046875E-2
-5.452226E-1	-2.773437E-2
-4.965117E-1	-2.578125E-2
-4.432695E-1	-2.304687E-2
-3.849297E-1	-2.031250E-2
-3.254570E-1	-1.757812E-2
-2.665508E-1	-1.445312E-2
-2.076445E-1	-1.210937E-2
-1.504375E-1	-9.765624E-3
-9.662890E-2	-7.031249E-3
-4.451953E-2	-4.687500E-3
7.589845E-3	-2.343750E-3
5.686719E-2	0.000000E+0
1.072773E-1	2.734375E-3
1.616523E-1	5.468749E-3
2.177266E-1	7.812499E-3
2.726680E-1	1.054687E-2
3.281758E-1	1.289062E-2
3.797187E-1	1.523437E-2
4.261641E-1	1.718750E-2
4.731758E-1	1.953125E-2
5.201875E-1	2.187500E-2
5.655000E-1	2.382812E-2
6.074141E-1	2.578125E-2
6.476289E-1	2.773437E-2
6.889766E-1	2.968750E-2
7.274922E-1	3.164062E-2
7.637422E-1	3.320312E-2
7.965937E-1	3.476562E-2
8.243476E-1	3.593750E-2
8.464375E-1	3.671875E-2
8.628633E-1	3.750000E-2
8.764570E-1	3.828125E-2
8.866523E-1	3.867187E-2
8.951484E-1	3.867187E-2
9.019453E-1	3.906250E-2
9.059101E-1	3.906250E-2
9.087422E-1	3.906250E-2
9.110078E-1	3.906250E-2
9.087422E-1	3.906250E-2
9.002461E-1	3.867187E-2
8.843867E-1	3.750000E-2
8.639961E-1	3.671875E-2
8.379414E-1	3.515625E-2
8.101875E-1	3.398437E-2
7.813008E-1	3.242187E-2
7.484492E-1	3.085937E-2
7.121992E-1	2.890625E-2
6.719844E-1	2.695312E-2
6.300703E-1	2.460937E-2
5.853242E-1	2.265625E-2
5.400117E-1	2.031250E-2
4.907344E-1	1.796875E-2
4.369258E-1	1.523437E-2
3.780195E-1	1.250000E-2
3.174141E-1	9.765624E-3
2.585078E-1	7.421874E-3
2.013008E-1	4.687500E-3
1.440937E-1	1.953125E-3
9.028516E-2	-7.812499E-4
3.930859E-2	-3.125000E-3
-1.223437E-2	-5.468749E-3
-6.321093E-2	-7.812499E-3
-1.147539E-1	-1.015625E-2
-1.685625E-1	-1.289062E-2
-2.246367E-1	-1.523437E-2
-2.801445E-1	-1.757812E-2
-3.350859E-1	-2.031250E-2
-3.854961E-1	-2.265625E-2
-4.330742E-1	-2.500000E-2
-4.800859E-1	-2.734375E-2
-5.282305E-1	-2.968750E-2
-5.735430E-1	-3.164062E-2
-6.148906E-1	-3.359375E-2
-6.551055E-1	-3.515625E-2
-6.936211E-1	-3.710937E-2
-7.315703E-1	-3.867187E-2
-7.678203E-1	-4.023437E-2
-8.006719E-1	-4.179687E-2
-8.284258E-1	-4.296875E-2
-8.488164E-1	-4.375000E-2
-8.641094E-1	-4.453125E-2
-8.777031E-1	-4.492187E-2
-8.884648E-1	-4.570312E-2
-8.963945E-1	-4.570312E-2
-9.026250E-1	-4.609375E-2
-9.065898E-1	-4.609375E-2
-9.094219E-1	-4.609375E-2
-9.116875E-1	-4.609375E-2
-9.094219E-1	-4.609375E-2
-9.014922E-1	-4.531250E-2
-8.861992E-1	-4.453125E-2
-8.646758E-1	-4.335937E-2
-8.403203E-1	-4.218750E-2
-8.131328E-1	-4.101562E-2
-7.836797E-1	-3.945312E-2
-7.502617E-1	-3.789062E-2
-7.145781E-1	-3.632812E-2
-6.743633E-1	-3.437500E-2
-6.330156E-1	-3.203125E-2
-5.888359E-1	-3.007812E-2
-5.412578E-1	-2.773437E-2
-4.919805E-1	-2.539062E-2
-4.381719E-1	-2.265625E-2
-3.798320E-1	-1.992187E-2
-3.209258E-1	-1.718750E-2
-2.620195E-1	-1.445312E-2
-2.031133E-1	-1.171875E-2
-1.464727E-1	-9.374999E-3
-9.323047E-2	-6.640624E-3
-4.055469E-2	-4.296875E-3
1.098828E-2	-2.343750E-3
6.083203E-2	3.906250E-4
1.118086E-1	2.734375E-3
1.656172E-1	5.468749E-3
2.222578E-1	8.203124E-3
2.760664E-1	1.054687E-2
3.321406E-1	1.289062E-2
3.831172E-1	1.523437E-2
4.289961E-1	1.757812E-2
4.760078E-1	1.992187E-2
5.241523E-1	2.187500E-2
5.688984E-1	2.421875E-2
6.102461E-1	2.617187E-2
6.510273E-1	2.812500E-2
6.918086E-1	3.007812E-2
7.303242E-1	3.164062E-2
7.671406E-1	3.320312E-2
7.994258E-1	3.476562E-2
8.254805E-1	3.593750E-2
8.470039E-1	3.671875E-2
8.639961E-1	3.750000E-2
8.770234E-1	3.828125E-2
8.877851E-1	3.867187E-2
8.957148E-1	3.867187E-2
9.019453E-1	3.906250E-2
9.064765E-1	3.906250E-2
9.087422E-1	3.906250E-2
9.104414E-1	3.906250E-2
9.076094E-1	3.867187E-2
8.985469E-1	3.828125E-2
8.821211E-1	3.750000E-2
8.611640E-1	3.632812E-2
8.356758E-1	3.515625E-2
8.079219E-1	3.359375E-2
7.790351E-1	3.203125E-2
7.456172E-1	3.046875E-2
7.093672E-1	2.890625E-2
6.685859E-1	2.656250E-2
6.266719E-1	2.460937E-2
5.819258E-1	2.226562E-2
5.360469E-1	2.031250E-2
4.879023E-1	1.757812E-2
4.329609E-1	1.523437E-2
3.734883E-1	1.250000E-2
3.128828E-1	9.765624E-3
2.534102E-1	7.031249E-3
1.962031E-1	4.296875E-3
1.389961E-1	1.562500E-3
8.518750E-2	-7.812499E-4
3.477734E-2	-3.125000E-3
-1.676562E-2	-5.468749E-3
-6.774218E-2	-7.812499E-3
-1.192852E-1	-1.054687E-2
-1.742266E-1	-1.289062E-2
-2.303008E-1	-1.523437E-2
-2.852422E-1	-1.796875E-2
-3.390508E-1	-2.070312E-2
-3.900273E-1	-2.304687E-2
-4.370391E-1	-2.539062E-2
-4.851836E-1	-2.734375E-2
-5.327617E-1	-2.968750E-2
-5.775078E-1	-3.164062E-2
-6.188555E-1	-3.359375E-2
-6.579375E-1	-3.554687E-2
-6.964531E-1	-3.710937E-2
-7.344023E-1	-3.867187E-2
-7.706523E-1	-4.023437E-2
-8.035039E-1	-4.179687E-2
-8.301250E-1	-4.296875E-2
-8.505156E-1	-4.414062E-2
-8.658086E-1	-4.453125E-2
-8.788359E-1	-4.531250E-2
-8.890312E-1	-4.570312E-2
-8.969609E-1	-4.570312E-2
-9.031914E-1	-4.609375E-2
-9.071562E-1	-4.609375E-2
-9.094219E-1	-4.609375E-2
-9.111211E-1	-4.609375E-2
-9.094219E-1	-4.570312E-2
-9.003594E-1	-4.531250E-2
-8.850664E-1	-4.453125E-2
-8.635430E-1	-4.335937E-2
-8.374883E-1	-4.218750E-2
-8.103008E-1	-4.062500E-2
-7.802812E-1	-3.945312E-2
-7.474297E-1	-3.789062E-2
-7.111797E-1	-3.593750E-2
-6.703984E-1	-3.398437E-2
-6.296172E-1	-3.203125E-2
-5.837383E-1	-2.968750E-2
-5.355937E-1	-2.773437E-2
-4.863164E-1	-2.500000E-2
-4.319414E-1	-2.265625E-2
-3.730351E-1	-1.992187E-2
-3.141289E-1	-1.679687E-2
-2.557891E-1	-1.406250E-2
-1.957500E-1	-1.171875E-2
-1.396758E-1	-8.984374E-3
-8.700000E-2	-6.640624E-3
-3.545703E-2	-4.296875E-3
1.665235E-2	-1.953125E-3
6.592969E-2	3.906250E-4
1.169062E-1	3.125000E-3
1.707148E-1	5.468749E-3
2.262227E-1	8.203124E-3
2.817305E-1	1.093750E-2
3.372383E-1	1.328125E-2
3.876484E-1	1.562500E-2
4.340937E-1	1.757812E-2
4.805391E-1	1.992187E-2
5.281172E-1	2.226562E-2
5.734297E-1	2.421875E-2
6.142109E-1	2.617187E-2
6.544258E-1	2.812500E-2
6.952070E-1	3.007812E-2
7.337226E-1	3.164062E-2
7.694062E-1	3.320312E-2
8.011250E-1	3.476562E-2
8.277461E-1	3.593750E-2
8.481367E-1	3.671875E-2
8.645625E-1	3.750000E-2
8.775898E-1	3.828125E-2
8.883515E-1	3.828125E-2
8.962812E-1	3.867187E-2
9.025117E-1	3.867187E-2
9.064765E-1	3.906250E-2
9.098750E-1	3.906250E-2
9.110078E-1	3.906250E-2
9.087422E-1	3.867187E-2
8.991133E-1	3.828125E-2
8.815547E-1	3.750000E-2
8.588984E-1	3.632812E-2
8.328437E-1	3.476562E-2
8.045234E-1	3.359375E-2
7.750703E-1	3.203125E-2
7.422187E-1	3.046875E-2
7.054023E-1	2.851562E-2
6.646211E-1	2.656250E-2
6.221406E-1	2.421875E-2
5.773945E-1	2.226562E-2
5.309492E-1	1.992187E-2
4.828047E-1	1.757812E-2
4.278633E-1	1.484375E-2
3.678242E-1	1.210937E-2
3.066523E-1	9.374999E-3
2.477461E-1	6.640624E-3
1.911055E-1	3.906250E-3
1.344648E-1	1.171875E-3
8.122266E-2	-1.171875E-3
2.967969E-2	-3.515625E-3
-2.242969E-2	-5.859374E-3
-7.340625E-2	-8.203124E-3
-1.249492E-1	-1.093750E-2
-1.793242E-1	-1.328125E-2
-2.348320E-1	-1.562500E-2
-2.909062E-1	-1.835937E-2
-3.447148E-1	-2.109375E-2
-3.945586E-1	-2.343750E-2
-4.410039E-1	-2.539062E-2
-4.880156E-1	-2.773437E-2
-5.361601E-1	-3.007812E-2
-5.814726E-1	-3.203125E-2
-6.233867E-1	-3.398437E-2
-6.624687E-1	-3.554687E-2
-7.015508E-1	-3.750000E-2
-7.389336E-1	-3.906250E-2
-7.746172E-1	-4.062500E-2
-8.069023E-1	-4.218750E-2
-8.329570E-1	-4.296875E-2
-8.527812E-1	-4.414062E-2
-8.680742E-1	-4.453125E-2
-8.805351E-1	-4.531250E-2
-8.907305E-1	-4.570312E-2
-8.980937E-1	-4.570312E-2
-9.037578E-1	-4.609375E-2
-9.077226E-1	-4.609375E-2
-9.105547E-1	-4.609375E-2
-9.116875E-1	-4.609375E-2
-9.088555E-1	-4.570312E-2
-9.003594E-1	-4.531250E-2
-8.833672E-1	-4.453125E-2
-8.612773E-1	-4.335937E-2
-8.357890E-1	-4.218750E-2
-8.080351E-1	-4.062500E-2
-7.780156E-1	-3.945312E-2
-7.434648E-1	-3.789062E-2
-7.072148E-1	-3.593750E-2
-6.675664E-1	-3.398437E-2
-6.256523E-1	-3.203125E-2
-5.797734E-1	-2.968750E-2
-5.321953E-1	-2.734375E-2
-4.823516E-1	-2.500000E-2
-4.274101E-1	-2.226562E-2
-3.690703E-1	-1.953125E-2
-3.095976E-1	-1.640625E-2
-2.506914E-1	-1.406250E-2
-1.917852E-1	-1.132812E-2
-1.357109E-1	-8.984374E-3
-8.303515E-2	-6.640624E-3
