X (Volt)	Y (Volt)
-2.299609E-2	-3.125000E-3
2.741406E-2	-1.171875E-3
7.555859E-2	1.171875E-3
1.254023E-1	3.515625E-3
1.786445E-1	5.859374E-3
2.318867E-1	8.203124E-3
2.839961E-1	1.054687E-2
3.366719E-1	1.289062E-2
3.848164E-1	1.484375E-2
4.295625E-1	1.718750E-2
4.760078E-1	1.914062E-2
5.230195E-1	2.148437E-2
5.660664E-1	2.343750E-2
6.068476E-1	2.500000E-2
6.470625E-1	2.695312E-2
6.861445E-1	2.890625E-2
7.229609E-1	3.046875E-2
7.580781E-1	3.203125E-2
7.875312E-1	3.320312E-2
8.113203E-1	3.437500E-2
8.294453E-1	3.515625E-2
8.436055E-1	3.593750E-2
8.555000E-1	3.632812E-2
8.634297E-1	3.671875E-2
8.707930E-1	3.671875E-2
8.758906E-1	3.710937E-2
8.792890E-1	3.710937E-2
8.821211E-1	3.710937E-2
8.832539E-1	3.710937E-2
8.809883E-1	3.671875E-2
8.730586E-1	3.632812E-2
8.594648E-1	3.554687E-2
8.396406E-1	3.476562E-2
8.152851E-1	3.359375E-2
7.875312E-1	3.203125E-2
7.558125E-1	3.046875E-2
7.229609E-1	2.890625E-2
6.850117E-1	2.695312E-2
6.430976E-1	2.500000E-2
5.989180E-1	2.265625E-2
5.536055E-1	2.070312E-2
5.082930E-1	1.835937E-2
4.595820E-1	1.601562E-2
4.057734E-1	1.367187E-2
3.480000E-1	1.093750E-2
2.879609E-1	8.203124E-3
2.301875E-1	5.859374E-3
1.724141E-1	3.125000E-3
1.174727E-1	3.906250E-4
6.649609E-2	-1.953125E-3
1.665235E-2	-4.296875E-3
-3.375781E-2	-6.249999E-3
-8.360156E-2	-8.593749E-3
-1.334453E-1	-1.054687E-2
-1.866875E-1	-1.289062E-2
-2.404961E-1	-1.484375E-2
-2.943047E-1	-1.757812E-2
-3.464141E-1	-1.992187E-2
-3.945586E-1	-2.226562E-2
-4.404375E-1	-2.421875E-2
-4.868828E-1	-2.617187E-2
-5.333281E-1	-2.851562E-2
-5.769414E-1	-3.046875E-2
-6.177226E-1	-3.242187E-2
-6.556719E-1	-3.398437E-2
-6.930547E-1	-3.554687E-2
-7.298711E-1	-3.710937E-2
-7.644219E-1	-3.867187E-2
-7.944414E-1	-4.023437E-2
-8.182305E-1	-4.101562E-2
-8.352226E-1	-4.179687E-2
-8.493828E-1	-4.218750E-2
-8.607109E-1	-4.296875E-2
-8.686406E-1	-4.296875E-2
-8.754375E-1	-4.335937E-2
-8.799687E-1	-4.335937E-2
-8.833672E-1	-4.335937E-2
-8.861992E-1	-4.335937E-2
-8.861992E-1	-4.335937E-2
-8.845000E-1	-4.335937E-2
-8.765703E-1	-4.296875E-2
-8.629765E-1	-4.218750E-2
-8.437187E-1	-4.101562E-2
-8.199297E-1	-3.984375E-2
-7.910430E-1	-3.867187E-2
-7.598906E-1	-3.710937E-2
-7.259062E-1	-3.554687E-2
-6.885234E-1	-3.398437E-2
-6.477422E-1	-3.203125E-2
-6.041289E-1	-2.968750E-2
-5.576836E-1	-2.734375E-2
-5.101055E-1	-2.500000E-2
-4.613945E-1	-2.304687E-2
-4.070195E-1	-2.031250E-2
-3.492461E-1	-1.757812E-2
-2.903398E-1	-1.484375E-2
-2.320000E-1	-1.250000E-2
-1.742266E-1	-9.765624E-3
-1.187187E-1	-7.421874E-3
-6.774218E-2	-5.078124E-3
-1.676562E-2	-3.125000E-3
3.307813E-2	-7.812499E-4
8.122266E-2	1.562500E-3
1.310664E-1	3.906250E-3
1.843086E-1	6.249999E-3
2.381172E-1	8.593749E-3
2.907930E-1	1.093750E-2
3.429023E-1	1.328125E-2
3.899141E-1	1.523437E-2
4.352266E-1	1.718750E-2
4.822383E-1	1.953125E-2
5.275508E-1	2.148437E-2
5.711641E-1	2.343750E-2
6.113789E-1	2.539062E-2
6.510273E-1	2.734375E-2
6.906758E-1	2.890625E-2
7.274922E-1	3.085937E-2
7.614766E-1	3.242187E-2
7.909297E-1	3.359375E-2
8.141523E-1	3.476562E-2
8.322773E-1	3.554687E-2
8.464375E-1	3.593750E-2
8.577656E-1	3.632812E-2
8.656953E-1	3.671875E-2
8.730586E-1	3.671875E-2
8.770234E-1	3.710937E-2
8.804219E-1	3.710937E-2
8.826875E-1	3.710937E-2
8.843867E-1	3.710937E-2
8.821211E-1	3.671875E-2
8.730586E-1	3.632812E-2
8.583320E-1	3.554687E-2
8.379414E-1	3.476562E-2
8.124531E-1	3.320312E-2
7.846992E-1	3.203125E-2
7.535469E-1	3.046875E-2
7.195625E-1	2.890625E-2
6.816133E-1	2.695312E-2
6.402656E-1	2.460937E-2
5.966523E-1	2.265625E-2
5.513398E-1	2.031250E-2
5.048945E-1	1.796875E-2
4.550508E-1	1.562500E-2
4.001094E-1	1.328125E-2
3.417695E-1	1.054687E-2
2.817305E-1	8.203124E-3
2.239570E-1	5.468749E-3
1.656172E-1	2.734375E-3
1.106758E-1	0.000000E+0
6.026563E-2	-2.343750E-3
9.855470E-3	-4.296875E-3
-3.998828E-2	-6.640624E-3
-8.983203E-2	-8.984374E-3
-1.408086E-1	-1.093750E-2
-1.940508E-1	-1.328125E-2
-2.478594E-1	-1.562500E-2
-3.016680E-1	-1.796875E-2
-3.526445E-1	-2.031250E-2
-4.002226E-1	-2.226562E-2
-4.461016E-1	-2.460937E-2
-4.925469E-1	-2.656250E-2
-5.395586E-1	-2.890625E-2
-5.826055E-1	-3.085937E-2
-6.228203E-1	-3.281250E-2
-6.607695E-1	-3.437500E-2
-6.987187E-1	-3.593750E-2
-7.349687E-1	-3.750000E-2
-7.683867E-1	-3.906250E-2
-7.967070E-1	-4.023437E-2
-8.199297E-1	-4.140625E-2
-8.369219E-1	-4.179687E-2
-8.499492E-1	-4.257812E-2
-8.612773E-1	-4.296875E-2
-8.692070E-1	-4.296875E-2
-8.754375E-1	-4.335937E-2
-8.805351E-1	-4.335937E-2
-8.833672E-1	-4.335937E-2
-8.856328E-1	-4.335937E-2
-8.867656E-1	-4.335937E-2
-8.839336E-1	-4.335937E-2
-8.743047E-1	-4.257812E-2
-8.601445E-1	-4.218750E-2
-8.408867E-1	-4.101562E-2
-8.165312E-1	-3.984375E-2
-7.876445E-1	-3.867187E-2
-7.553594E-1	-3.710937E-2
-7.219414E-1	-3.554687E-2
-6.839922E-1	-3.359375E-2
-6.437773E-1	-3.164062E-2
-5.990312E-1	-2.929687E-2
-5.525859E-1	-2.695312E-2
-5.055742E-1	-2.500000E-2
-4.562969E-1	-2.265625E-2
-4.007891E-1	-2.031250E-2
-3.435820E-1	-1.757812E-2
-2.846758E-1	-1.445312E-2
-2.252031E-1	-1.210937E-2
-1.679961E-1	-9.765624E-3
-1.141875E-1	-7.031249E-3
-6.321093E-2	-5.078124E-3
-1.280078E-2	-2.734375E-3
3.760938E-2	-3.906250E-4
8.518750E-2	1.562500E-3
1.361641E-1	3.906250E-3
1.899727E-1	6.249999E-3
2.432148E-1	8.593749E-3
2.964570E-1	1.093750E-2
3.485664E-1	1.328125E-2
3.955781E-1	1.523437E-2
4.403242E-1	1.757812E-2
4.867695E-1	1.953125E-2
5.326484E-1	2.187500E-2
5.756953E-1	2.382812E-2
6.153437E-1	2.578125E-2
6.549922E-1	2.734375E-2
6.940742E-1	2.929687E-2
7.314570E-1	3.085937E-2
7.648750E-1	3.242187E-2
7.931953E-1	3.359375E-2
8.158515E-1	3.476562E-2
8.328437E-1	3.515625E-2
8.464375E-1	3.593750E-2
8.571992E-1	3.632812E-2
8.656953E-1	3.671875E-2
8.719258E-1	3.671875E-2
8.758906E-1	3.710937E-2
8.798555E-1	3.710937E-2
8.826875E-1	3.710937E-2
8.826875E-1	3.671875E-2
8.798555E-1	3.671875E-2
8.702265E-1	3.632812E-2
8.555000E-1	3.554687E-2
8.345430E-1	3.437500E-2
8.096211E-1	3.320312E-2
7.807344E-1	3.164062E-2
7.490156E-1	3.007812E-2
7.155976E-1	2.851562E-2
6.765156E-1	2.656250E-2
6.346016E-1	2.460937E-2
5.904219E-1	2.226562E-2
5.445430E-1	1.992187E-2
4.986641E-1	1.796875E-2
4.505195E-1	1.562500E-2
3.944453E-1	1.289062E-2
3.349727E-1	1.054687E-2
2.755000E-1	7.812499E-3
2.177266E-1	5.078124E-3
1.605195E-1	2.343750E-3
1.061445E-1	0.000000E+0
5.630078E-2	-2.343750E-3
6.457033E-3	-4.687500E-3
-4.395312E-2	-6.640624E-3
-9.436328E-2	-8.984374E-3
-1.453398E-1	-1.093750E-2
-1.980156E-1	-1.328125E-2
-2.523906E-1	-1.562500E-2
-3.061992E-1	-1.796875E-2
-3.577422E-1	-2.031250E-2
-4.041875E-1	-2.265625E-2
-4.506328E-1	-2.460937E-2
-4.970781E-1	-2.695312E-2
-5.435234E-1	-2.890625E-2
-5.865703E-1	-3.085937E-2
-6.267851E-1	-3.281250E-2
-6.647344E-1	-3.437500E-2
-7.026836E-1	-3.593750E-2
-7.372344E-1	-3.789062E-2
-7.712187E-1	-3.906250E-2
-8.001055E-1	-4.023437E-2
-8.221953E-1	-4.140625E-2
-8.386211E-1	-4.179687E-2
-8.516484E-1	-4.257812E-2
-8.624101E-1	-4.296875E-2
-8.703398E-1	-4.296875E-2
-8.765703E-1	-4.335937E-2
-8.811015E-1	-4.335937E-2
-8.845000E-1	-4.335937E-2
-8.861992E-1	-4.335937E-2
-8.867656E-1	-4.335937E-2
-8.839336E-1	-4.335937E-2
-8.748711E-1	-4.257812E-2
-8.595781E-1	-4.179687E-2
-8.386211E-1	-4.101562E-2
-8.142656E-1	-3.984375E-2
-7.842461E-1	-3.828125E-2
-7.525273E-1	-3.671875E-2
-7.191094E-1	-3.515625E-2
-6.805937E-1	-3.359375E-2
-6.398125E-1	-3.125000E-2
-5.950664E-1	-2.929687E-2
-5.480547E-1	-2.695312E-2
-5.010430E-1	-2.460937E-2
-4.517656E-1	-2.226562E-2
-3.956914E-1	-1.992187E-2
-3.390508E-1	-1.718750E-2
-2.801445E-1	-1.445312E-2
-2.206719E-1	-1.171875E-2
-1.634648E-1	-9.374999E-3
-1.090898E-1	-7.031249E-3
-5.754687E-2	-4.687500E-3
-6.003904E-3	-2.343750E-3
4.270703E-2	-3.906250E-4
8.971875E-2	1.953125E-3
1.412617E-1	4.296875E-3
1.945039E-1	6.640624E-3
2.483125E-1	8.984374E-3
3.004219E-1	1.132812E-2
3.519648E-1	1.328125E-2
3.984102E-1	1.562500E-2
4.442891E-1	1.757812E-2
4.918672E-1	1.992187E-2
5.366133E-1	2.187500E-2
5.796601E-1	2.382812E-2
6.193086E-1	2.578125E-2
6.589570E-1	2.773437E-2
6.980391E-1	2.929687E-2
7.348555E-1	3.125000E-2
7.682734E-1	3.242187E-2
7.965937E-1	3.398437E-2
8.186836E-1	3.476562E-2
8.356758E-1	3.554687E-2
8.487031E-1	3.632812E-2
8.594648E-1	3.671875E-2
8.668281E-1	3.671875E-2
8.736250E-1	3.710937E-2
8.775898E-1	3.710937E-2
8.809883E-1	3.710937E-2
8.826875E-1	3.710937E-2
8.838203E-1	3.710937E-2
8.798555E-1	3.671875E-2
8.702265E-1	3.632812E-2
8.538008E-1	3.554687E-2
8.328437E-1	3.437500E-2
8.062226E-1	3.320312E-2
7.779023E-1	3.164062E-2
7.456172E-1	3.007812E-2
7.116328E-1	2.851562E-2
6.719844E-1	2.656250E-2
6.306367E-1	2.421875E-2
5.858906E-1	2.226562E-2
5.400117E-1	1.992187E-2
4.946992E-1	1.757812E-2
4.437227E-1	1.523437E-2
3.876484E-1	1.289062E-2
3.281758E-1	1.015625E-2
2.687031E-1	7.421874E-3
2.109297E-1	5.078124E-3
1.542891E-1	2.343750E-3
1.010469E-1	-3.906250E-4
5.063672E-2	-2.343750E-3
7.929704E-4	-4.687500E-3
-4.961718E-2	-7.031249E-3
-9.946093E-2	-8.984374E-3
-1.515703E-1	-1.132812E-2
-2.042461E-1	-1.328125E-2
-2.591875E-1	-1.562500E-2
-3.118633E-1	-1.835937E-2
-3.634062E-1	-2.070312E-2
-4.092851E-1	-2.265625E-2
-4.551641E-1	-2.500000E-2
-5.021758E-1	-2.695312E-2
-5.480547E-1	-2.929687E-2
-5.899687E-1	-3.125000E-2
-6.301836E-1	-3.281250E-2
-6.675664E-1	-3.476562E-2
-7.049492E-1	-3.632812E-2
-7.411992E-1	-3.789062E-2
-7.740508E-1	-3.906250E-2
-8.029375E-1	-4.023437E-2
-8.244609E-1	-4.140625E-2
-8.403203E-1	-4.218750E-2
-8.533476E-1	-4.257812E-2
-8.629765E-1	-4.296875E-2
-8.703398E-1	-4.335937E-2
-8.765703E-1	-4.335937E-2
-8.811015E-1	-4.335937E-2
-8.839336E-1	-4.335937E-2
-8.861992E-1	-4.335937E-2
-8.861992E-1	-4.335937E-2
-8.828008E-1	-4.296875E-2
-8.720390E-1	-4.257812E-2
-8.567461E-1	-4.179687E-2
-8.352226E-1	-4.062500E-2
-8.103008E-1	-3.945312E-2
-7.802812E-1	-3.828125E-2
-7.479961E-1	-3.671875E-2
-7.140117E-1	-3.515625E-2
-6.749297E-1	-3.320312E-2
-6.347148E-1	-3.085937E-2
-5.894023E-1	-2.890625E-2
-5.423906E-1	-2.656250E-2
-4.948125E-1	-2.421875E-2
-4.444023E-1	-2.187500E-2
-3.883281E-1	-1.953125E-2
-3.316875E-1	-1.679687E-2
-2.722148E-1	-1.406250E-2
-2.138750E-1	-1.171875E-2
-1.566680E-1	-8.984374E-3
-1.034258E-1	-6.640624E-3
-5.244922E-2	-4.296875E-3
-2.605467E-3	-2.343750E-3
4.610547E-2	0.000000E+0
9.425000E-2	1.953125E-3
1.463594E-1	4.296875E-3
1.996016E-1	7.031249E-3
2.522773E-1	9.374999E-3
3.055195E-1	1.132812E-2
3.570625E-1	1.367187E-2
4.029414E-1	1.601562E-2
4.482539E-1	1.796875E-2
4.952656E-1	1.992187E-2
5.405781E-1	2.226562E-2
5.830586E-1	2.421875E-2
6.221406E-1	2.617187E-2
6.612226E-1	2.773437E-2
7.003047E-1	2.968750E-2
7.365547E-1	3.125000E-2
7.694062E-1	3.281250E-2
7.977266E-1	3.398437E-2
8.192500E-1	3.515625E-2
8.351094E-1	3.554687E-2
8.481367E-1	3.632812E-2
8.588984E-1	3.671875E-2
8.668281E-1	3.671875E-2
8.730586E-1	3.710937E-2
8.775898E-1	3.710937E-2
8.804219E-1	3.710937E-2
8.826875E-1	3.710937E-2
8.826875E-1	3.710937E-2
8.781562E-1	3.671875E-2
8.679609E-1	3.632812E-2
8.515351E-1	3.515625E-2
8.300117E-1	3.437500E-2
8.039570E-1	3.281250E-2
7.756367E-1	3.125000E-2
7.433516E-1	3.007812E-2
7.088008E-1	2.812500E-2
6.685859E-1	2.617187E-2
6.266719E-1	2.421875E-2
5.819258E-1	2.187500E-2
5.371797E-1	1.953125E-2
4.907344E-1	1.757812E-2
4.397578E-1	1.523437E-2
3.836836E-1	1.250000E-2
3.242109E-1	1.015625E-2
2.647383E-1	7.421874E-3
2.063984E-1	4.687500E-3
1.508906E-1	1.953125E-3
9.708203E-2	-3.906250E-4
4.667188E-2	-2.734375E-3
-3.738280E-3	-5.078124E-3
-5.358203E-2	-7.031249E-3
-1.034258E-1	-9.374999E-3
-1.555352E-1	-1.132812E-2
-2.093437E-1	-1.367187E-2
-2.631523E-1	-1.601562E-2
-3.163945E-1	-1.835937E-2
-3.662383E-1	-2.109375E-2
-4.121172E-1	-2.304687E-2
-4.585625E-1	-2.500000E-2
-5.050078E-1	-2.734375E-2
-5.514531E-1	-2.929687E-2
-5.933672E-1	-3.125000E-2
-6.335820E-1	-3.320312E-2
-6.703984E-1	-3.476562E-2
-7.083476E-1	-3.632812E-2
-7.440312E-1	-3.789062E-2
-7.768828E-1	-3.945312E-2
-8.046367E-1	-4.062500E-2
-8.250273E-1	-4.140625E-2
-8.408867E-1	-4.179687E-2
-8.539140E-1	-4.257812E-2
-8.641094E-1	-4.296875E-2
-8.714726E-1	-4.335937E-2
-8.771367E-1	-4.335937E-2
-8.805351E-1	-4.335937E-2
-8.839336E-1	-4.335937E-2
-8.856328E-1	-4.335937E-2
-8.861992E-1	-4.335937E-2
-8.822344E-1	-4.296875E-2
-8.714726E-1	-4.257812E-2
-8.556133E-1	-4.179687E-2
-8.340898E-1	-4.062500E-2
-8.080351E-1	-3.945312E-2
-7.785820E-1	-3.789062E-2
-7.462969E-1	-3.671875E-2
-7.117461E-1	-3.476562E-2
-6.720976E-1	-3.320312E-2
-6.318828E-1	-3.085937E-2
-5.860039E-1	-2.851562E-2
-5.384258E-1	-2.656250E-2
-4.914141E-1	-2.421875E-2
-4.404375E-1	-2.187500E-2
-3.843633E-1	-1.914062E-2
-3.265898E-1	-1.640625E-2
-2.676836E-1	-1.367187E-2
-2.087773E-1	-1.132812E-2
-1.515703E-1	-8.984374E-3
-9.776172E-2	-6.249999E-3
-4.735156E-2	-4.296875E-3
2.492189E-3	-1.953125E-3
5.120313E-2	0.000000E+0
9.991406E-2	2.343750E-3
1.508906E-1	4.687500E-3
2.052656E-1	7.031249E-3
2.573750E-1	9.374999E-3
3.111836E-1	1.171875E-2
3.621602E-1	1.406250E-2
4.086055E-1	1.601562E-2
4.533516E-1	1.796875E-2
5.003633E-1	2.031250E-2
5.451094E-1	2.226562E-2
5.870234E-1	2.421875E-2
6.266719E-1	2.617187E-2
6.668867E-1	2.812500E-2
7.054023E-1	2.968750E-2
7.410859E-1	3.125000E-2
7.739375E-1	3.281250E-2
8.011250E-1	3.398437E-2
8.220820E-1	3.515625E-2
8.385078E-1	3.593750E-2
8.515351E-1	3.632812E-2
8.611640E-1	3.671875E-2
8.685273E-1	3.671875E-2
8.741914E-1	3.710937E-2
8.792890E-1	3.710937E-2
8.821211E-1	3.710937E-2
8.838203E-1	3.710937E-2
8.838203E-1	3.710937E-2
8.787226E-1	3.671875E-2
8.679609E-1	3.632812E-2
8.504023E-1	3.515625E-2
8.277461E-1	3.398437E-2
8.005586E-1	3.281250E-2
7.716719E-1	3.125000E-2
7.399531E-1	2.968750E-2
7.037031E-1	2.812500E-2
6.640547E-1	2.617187E-2
6.215742E-1	2.382812E-2
5.773945E-1	2.187500E-2
5.320820E-1	1.953125E-2
4.850703E-1	1.718750E-2
4.329609E-1	1.484375E-2
3.757539E-1	1.210937E-2
3.157148E-1	9.374999E-3
2.573750E-1	7.031249E-3
2.001680E-1	4.296875E-3
1.435273E-1	1.562500E-3
9.028516E-2	-7.812499E-4
4.100781E-2	-3.125000E-3
-9.402342E-3	-5.468749E-3
-5.924609E-2	-7.421874E-3
-1.102227E-1	-9.765624E-3
-1.628984E-1	-1.171875E-2
-2.167070E-1	-1.406250E-2
-2.716484E-1	-1.640625E-2
-3.243242E-1	-1.875000E-2
-3.736016E-1	-2.109375E-2
-4.189141E-1	-2.304687E-2
-4.647930E-1	-2.539062E-2
-5.112383E-1	-2.734375E-2
-5.571172E-1	-2.968750E-2
-5.990312E-1	-3.164062E-2
-6.392461E-1	-3.320312E-2
-6.760625E-1	-3.476562E-2
-7.134453E-1	-3.671875E-2
-7.491289E-1	-3.828125E-2
-7.814140E-1	-3.945312E-2
-8.091680E-1	-4.062500E-2
-8.284258E-1	-4.140625E-2
-8.437187E-1	-4.218750E-2
-8.556133E-1	-4.257812E-2
-8.658086E-1	-4.296875E-2
-8.731719E-1	-4.335937E-2
-8.788359E-1	-4.335937E-2
-8.822344E-1	-4.335937E-2
-8.850664E-1	-4.335937E-2
-8.867656E-1	-4.335937E-2
-8.867656E-1	-4.335937E-2
-8.811015E-1	-4.296875E-2
-8.692070E-1	-4.218750E-2
-8.527812E-1	-4.140625E-2
-8.312578E-1	-4.062500E-2
-8.046367E-1	-3.906250E-2
-7.751836E-1	-3.789062E-2
-7.428984E-1	-3.632812E-2
-7.077812E-1	-3.476562E-2
-6.681328E-1	-3.281250E-2
-6.267851E-1	-3.046875E-2
-5.814726E-1	-2.851562E-2
-5.338945E-1	-2.617187E-2
-4.863164E-1	-2.382812E-2
-4.342070E-1	-2.148437E-2
-3.781328E-1	-1.875000E-2
-3.197930E-1	-1.601562E-2
-2.608867E-1	-1.328125E-2
-2.019805E-1	-1.093750E-2
-1.453398E-1	-8.593749E-3
-9.323047E-2	-5.859374E-3
-4.225390E-2	-3.906250E-3
8.156252E-3	-1.562500E-3
5.686719E-2	3.906250E-4
1.044453E-1	2.734375E-3
1.571211E-1	5.078124E-3
2.114961E-1	7.421874E-3
2.641719E-1	9.765624E-3
3.174141E-1	1.210937E-2
3.672578E-1	1.406250E-2
4.131367E-1	1.640625E-2
4.590156E-1	1.835937E-2
5.065937E-1	2.070312E-2
5.502070E-1	2.265625E-2
5.921211E-1	2.460937E-2
6.323359E-1	2.656250E-2
6.719844E-1	2.851562E-2
7.105000E-1	3.007812E-2
7.456172E-1	3.164062E-2
7.773359E-1	3.281250E-2
8.039570E-1	3.437500E-2
8.232148E-1	3.515625E-2
8.379414E-1	3.593750E-2
8.509687E-1	3.632812E-2
8.605976E-1	3.671875E-2
8.679609E-1	3.671875E-2
8.736250E-1	3.710937E-2
8.775898E-1	3.710937E-2
8.804219E-1	3.710937E-2
8.826875E-1	3.710937E-2
8.821211E-1	3.710937E-2
8.764570E-1	3.671875E-2
8.645625E-1	3.593750E-2
8.475703E-1	3.515625E-2
8.249140E-1	3.398437E-2
7.982930E-1	3.281250E-2
7.688398E-1	3.125000E-2
7.365547E-1	2.968750E-2
7.003047E-1	2.773437E-2
6.600898E-1	2.578125E-2
6.164766E-1	2.382812E-2
5.711641E-1	2.148437E-2
5.258516E-1	1.914062E-2
4.788398E-1	1.718750E-2
4.278633E-1	1.445312E-2
3.706562E-1	1.210937E-2
3.106172E-1	9.374999E-3
2.511445E-1	6.640624E-3
1.939375E-1	4.296875E-3
1.378633E-1	1.562500E-3
8.518750E-2	-7.812499E-4
3.591016E-2	-3.125000E-3
-1.393359E-2	-5.468749E-3
-6.547656E-2	-7.421874E-3
-1.147539E-1	-9.765624E-3
-1.668633E-1	-1.171875E-2
-2.206719E-1	-1.406250E-2
-2.744805E-1	-1.640625E-2
-3.271562E-1	-1.875000E-2
-3.764336E-1	-2.109375E-2
-4.223125E-1	-2.343750E-2
-4.681914E-1	-2.539062E-2
-5.146367E-1	-2.734375E-2
-5.599492E-1	-2.968750E-2
-6.018633E-1	-3.164062E-2
-6.409453E-1	-3.320312E-2
-6.788945E-1	-3.515625E-2
-7.162773E-1	-3.671875E-2
-7.508281E-1	-3.828125E-2
-7.825469E-1	-3.945312E-2
-8.097344E-1	-4.062500E-2
-8.289922E-1	-4.140625E-2
-8.437187E-1	-4.218750E-2
-8.567461E-1	-4.257812E-2
-8.658086E-1	-4.296875E-2
-8.731719E-1	-4.296875E-2
-8.782695E-1	-4.335937E-2
-8.822344E-1	-4.335937E-2
-8.850664E-1	-4.335937E-2
-8.861992E-1	-4.335937E-2
-8.861992E-1	-4.335937E-2
-8.811015E-1	-4.296875E-2
-8.692070E-1	-4.257812E-2
-8.516484E-1	-4.140625E-2
-8.289922E-1	-4.023437E-2
-8.012383E-1	-3.906250E-2
-7.712187E-1	-3.750000E-2
-7.383672E-1	-3.632812E-2
-7.026836E-1	-3.437500E-2
-6.630351E-1	-3.281250E-2
-6.211211E-1	-3.046875E-2
-5.752422E-1	-2.812500E-2
-5.282305E-1	-2.578125E-2
-4.812187E-1	-2.343750E-2
-4.285430E-1	-2.109375E-2
-3.724687E-1	-1.835937E-2
-3.135625E-1	-1.562500E-2
-2.546562E-1	-1.328125E-2
-1.963164E-1	-1.054687E-2
-1.396758E-1	-8.203124E-3
-8.700000E-2	-5.859374E-3
-3.602344E-2	-3.515625E-3
1.325391E-2	-1.562500E-3
6.139844E-2	3.906250E-4
1.095430E-1	2.734375E-3
1.616523E-1	5.468749E-3
2.160273E-1	7.421874E-3
2.692695E-1	9.765624E-3
3.219453E-1	1.210937E-2
3.723555E-1	1.445312E-2
4.176680E-1	1.640625E-2
4.635469E-1	1.875000E-2
5.105586E-1	2.070312E-2
5.547383E-1	2.304687E-2
5.960859E-1	2.500000E-2
6.363008E-1	2.656250E-2
6.748164E-1	2.851562E-2
7.133320E-1	3.007812E-2
7.490156E-1	3.164062E-2
7.801680E-1	3.320312E-2
8.056562E-1	3.437500E-2
8.254805E-1	3.515625E-2
8.407734E-1	3.593750E-2
8.532344E-1	3.632812E-2
8.622969E-1	3.671875E-2
8.696601E-1	3.710937E-2
8.753242E-1	3.710937E-2
8.792890E-1	3.710937E-2
8.815547E-1	3.710937E-2
8.832539E-1	3.710937E-2
8.832539E-1	3.710937E-2
8.770234E-1	3.671875E-2
8.645625E-1	3.632812E-2
8.458711E-1	3.515625E-2
8.220820E-1	3.398437E-2
7.954609E-1	3.242187E-2
7.654414E-1	3.125000E-2
7.325898E-1	2.968750E-2
6.957734E-1	2.773437E-2
6.561250E-1	2.578125E-2
6.136445E-1	2.343750E-2
5.683320E-1	2.148437E-2
5.230195E-1	1.914062E-2
4.754414E-1	1.679687E-2
4.227656E-1	1.445312E-2
3.649922E-1	1.171875E-2
3.049531E-1	8.984374E-3
2.460469E-1	6.640624E-3
1.888398E-1	3.906250E-3
1.327656E-1	1.171875E-3
8.065625E-2	-1.171875E-3
3.081250E-2	-3.515625E-3
-1.959765E-2	-5.468749E-3
-7.057422E-2	-7.812499E-3
-1.204180E-1	-1.015625E-2
-1.730937E-1	-1.210937E-2
-2.269023E-1	-1.445312E-2
-2.807109E-1	-1.679687E-2
-3.339531E-1	-1.914062E-2
-3.826641E-1	-2.148437E-2
-4.279766E-1	-2.382812E-2
-4.744219E-1	-2.578125E-2
-5.208672E-1	-2.773437E-2
-5.656133E-1	-2.968750E-2
-6.075273E-1	-3.164062E-2
-6.466094E-1	-3.359375E-2
-6.839922E-1	-3.515625E-2
-7.208086E-1	-3.710937E-2
-7.559258E-1	-3.828125E-2
-7.876445E-1	-3.984375E-2
-8.136992E-1	-4.062500E-2
-8.318242E-1	-4.140625E-2
-8.459844E-1	-4.218750E-2
-8.573125E-1	-4.257812E-2
-8.669414E-1	-4.296875E-2
-8.737383E-1	-4.335937E-2
-8.794023E-1	-4.335937E-2
-8.839336E-1	-4.335937E-2
-8.867656E-1	-4.335937E-2
-8.878984E-1	-4.335937E-2
-8.873320E-1	-4.335937E-2
-8.805351E-1	-4.296875E-2
-8.680742E-1	-4.218750E-2
-8.499492E-1	-4.140625E-2
-8.267265E-1	-4.023437E-2
-7.995390E-1	-3.906250E-2
-7.678203E-1	-3.750000E-2
-7.355351E-1	-3.593750E-2
-6.992851E-1	-3.437500E-2
-6.590703E-1	-3.242187E-2
-6.165898E-1	-3.007812E-2
-5.712773E-1	-2.812500E-2
-5.236992E-1	-2.578125E-2
-4.761211E-1	-2.343750E-2
-4.223125E-1	-2.109375E-2
-3.662383E-1	-1.835937E-2
-3.073320E-1	-1.562500E-2
-2.484258E-1	-1.289062E-2
-1.900859E-1	-1.054687E-2
-1.340117E-1	-7.812499E-3
-8.190234E-2	-5.468749E-3
-3.149219E-2	-3.125000E-3
1.778516E-2	-1.171875E-3
6.592969E-2	7.812499E-4
1.152070E-1	3.125000E-3
1.678828E-1	5.468749E-3
2.222578E-1	7.812499E-3
2.743672E-1	1.015625E-2
3.270430E-1	1.250000E-2
3.757539E-1	1.445312E-2
4.205000E-1	1.679687E-2
4.663789E-1	1.914062E-2
5.139570E-1	2.109375E-2
5.581367E-1	2.304687E-2
5.989180E-1	2.500000E-2
6.385664E-1	2.695312E-2
6.776484E-1	2.851562E-2
7.155976E-1	3.046875E-2
7.501484E-1	3.203125E-2
7.813008E-1	3.320312E-2
8.062226E-1	3.437500E-2
8.260469E-1	3.515625E-2
8.407734E-1	3.593750E-2
8.526680E-1	3.632812E-2
8.622969E-1	3.671875E-2
8.690937E-1	3.671875E-2
8.741914E-1	3.710937E-2
8.775898E-1	3.710937E-2
8.804219E-1	3.710937E-2
8.821211E-1	3.710937E-2
8.798555E-1	3.710937E-2
8.736250E-1	3.671875E-2
8.605976E-1	3.593750E-2
8.424726E-1	3.476562E-2
8.186836E-1	3.398437E-2
7.920625E-1	3.242187E-2
7.614766E-1	3.085937E-2
7.291914E-1	2.929687E-2
6.918086E-1	2.734375E-2
6.504609E-1	2.539062E-2
6.068476E-1	2.304687E-2
5.609687E-1	2.109375E-2
5.156562E-1	1.875000E-2
4.686445E-1	1.640625E-2
4.159687E-1	1.406250E-2
3.587617E-1	1.132812E-2
2.987227E-1	8.984374E-3
2.409492E-1	6.249999E-3
1.831758E-1	3.515625E-3
1.276680E-1	1.171875E-3
7.612500E-2	-1.171875E-3
2.741406E-2	-3.515625E-3
-2.299609E-2	-5.859374E-3
-7.340625E-2	-7.812499E-3
-1.238164E-1	-1.015625E-2
-1.764922E-1	-1.250000E-2
-2.308672E-1	-1.445312E-2
-2.841094E-1	-1.679687E-2
-3.367851E-1	-1.953125E-2
-3.849297E-1	-2.187500E-2
-4.308086E-1	-2.382812E-2
-4.772539E-1	-2.578125E-2
-5.236992E-1	-2.812500E-2
-5.684453E-1	-3.007812E-2
-6.092266E-1	-3.164062E-2
-6.488750E-1	-3.359375E-2
-6.856914E-1	-3.515625E-2
-7.225078E-1	-3.710937E-2
-7.564922E-1	-3.828125E-2
-7.876445E-1	-3.984375E-2
-8.136992E-1	-4.062500E-2
-8.318242E-1	-4.179687E-2
-8.459844E-1	-4.218750E-2
-8.578789E-1	-4.257812E-2
-8.663750E-1	-4.296875E-2
-8.731719E-1	-4.335937E-2
-8.782695E-1	-4.335937E-2
-8.822344E-1	-4.335937E-2
-8.850664E-1	-4.335937E-2
-8.861992E-1	-4.335937E-2
-8.850664E-1	-4.335937E-2
-8.777031E-1	-4.296875E-2
-8.646758E-1	-4.218750E-2
-8.459844E-1	-4.140625E-2
-8.227617E-1	-4.023437E-2
-7.950078E-1	-3.867187E-2
-7.644219E-1	-3.750000E-2
-7.321367E-1	-3.593750E-2
-6.953203E-1	-3.398437E-2
-6.562383E-1	-3.203125E-2
-6.137578E-1	-3.007812E-2
-5.678789E-1	-2.773437E-2
-5.203008E-1	-2.578125E-2
-4.721562E-1	-2.343750E-2
-4.183476E-1	-2.109375E-2
-3.611406E-1	-1.796875E-2
-3.022344E-1	-1.523437E-2
-2.427617E-1	-1.289062E-2
-1.844219E-1	-1.015625E-2
-1.283477E-1	-7.812499E-3
-7.567187E-2	-5.468749E-3
-2.469531E-2	-3.125000E-3
2.458203E-2	-1.171875E-3
7.272656E-2	1.171875E-3
1.214375E-1	3.515625E-3
1.741133E-1	5.859374E-3
2.284883E-1	8.203124E-3
2.805977E-1	1.054687E-2
3.338398E-1	1.250000E-2
3.819844E-1	1.484375E-2
4.267305E-1	1.679687E-2
4.731758E-1	1.914062E-2
5.196211E-1	2.109375E-2
5.632344E-1	2.304687E-2
6.034492E-1	2.500000E-2
6.436641E-1	2.695312E-2
6.821797E-1	2.890625E-2
7.201289E-1	3.046875E-2
7.546797E-1	3.203125E-2
7.846992E-1	3.320312E-2
8.096211E-1	3.437500E-2
8.271797E-1	3.515625E-2
8.419062E-1	3.593750E-2
8.532344E-1	3.632812E-2
8.628633E-1	3.671875E-2
8.696601E-1	3.710937E-2
8.747578E-1	3.710937E-2
8.792890E-1	3.710937E-2
8.809883E-1	3.710937E-2
8.826875E-1	3.710937E-2
8.804219E-1	3.671875E-2
8.730586E-1	3.671875E-2
8.588984E-1	3.593750E-2
8.396406E-1	3.476562E-2
8.135859E-1	3.359375E-2
7.869648E-1	3.203125E-2
7.563789E-1	3.046875E-2
7.235273E-1	2.890625E-2
6.861445E-1	2.734375E-2
6.453633E-1	2.500000E-2
6.023164E-1	2.304687E-2
5.570039E-1	2.070312E-2
5.116914E-1	1.875000E-2
4.624141E-1	1.601562E-2
4.086055E-1	1.367187E-2
3.508320E-1	1.132812E-2
2.907930E-1	8.593749E-3
2.330195E-1	5.859374E-3
1.746797E-1	3.125000E-3
1.197383E-1	3.906250E-4
6.932813E-2	-1.953125E-3
1.948438E-2	-3.906250E-3
-3.092578E-2	-6.249999E-3
-8.133593E-2	-8.203124E-3
-1.311797E-1	-1.054687E-2
-1.838555E-1	-1.250000E-2
-2.376641E-1	-1.484375E-2
-2.914726E-1	-1.718750E-2
-3.441484E-1	-1.953125E-2
-3.917266E-1	-2.187500E-2
-4.381719E-1	-2.421875E-2
-4.840508E-1	-2.617187E-2
-5.299297E-1	-2.812500E-2
-5.735430E-1	-3.046875E-2
-6.148906E-1	-3.203125E-2
-6.534062E-1	-3.398437E-2
-6.913555E-1	-3.554687E-2
-7.276055E-1	-3.710937E-2
-7.615898E-1	-3.867187E-2
-7.921758E-1	-3.984375E-2
-8.165312E-1	-4.101562E-2
-8.335234E-1	-4.179687E-2
-8.471172E-1	-4.218750E-2
-8.584453E-1	-4.257812E-2
-8.669414E-1	-4.296875E-2
-8.737383E-1	-4.335937E-2
-8.782695E-1	-4.335937E-2
-8.822344E-1	-4.335937E-2
-8.845000E-1	-4.335937E-2
-8.856328E-1	-4.335937E-2
-8.833672E-1	-4.335937E-2
-8.760039E-1	-4.257812E-2
-8.618437E-1	-4.218750E-2
-8.437187E-1	-4.101562E-2
-8.199297E-1	-3.984375E-2
-7.916094E-1	-3.867187E-2
-7.604570E-1	-3.710937E-2
-7.270390E-1	-3.554687E-2
-6.896562E-1	-3.359375E-2
-6.494414E-1	-3.164062E-2
-6.063945E-1	-2.968750E-2
-5.593828E-1	-2.734375E-2
-5.123711E-1	-2.539062E-2
-4.642266E-1	-2.304687E-2
-4.104180E-1	-2.031250E-2
-3.532109E-1	-1.757812E-2
-2.937383E-1	-1.484375E-2
-2.348320E-1	-1.250000E-2
-1.764922E-1	-9.765624E-3
-1.209844E-1	-7.421874E-3
-6.944140E-2	-5.078124E-3
-1.959765E-2	-2.734375E-3
