X (Volt)	Y (Volt)
-6.003904E-3	-2.343750E-3
4.440625E-2	-3.906250E-4
9.141797E-2	1.953125E-3
1.418281E-1	4.296875E-3
1.962031E-1	6.640624E-3
2.488789E-1	8.984374E-3
3.021211E-1	1.132812E-2
3.542305E-1	1.367187E-2
3.995430E-1	1.562500E-2
4.459883E-1	1.757812E-2
4.930000E-1	1.992187E-2
5.383125E-1	2.187500E-2
5.796601E-1	2.382812E-2
6.187422E-1	2.578125E-2
6.572578E-1	2.773437E-2
6.952070E-1	2.929687E-2
7.314570E-1	3.085937E-2
7.648750E-1	3.242187E-2
7.931953E-1	3.359375E-2
8.147187E-1	3.476562E-2
8.317109E-1	3.554687E-2
8.453047E-1	3.593750E-2
8.555000E-1	3.632812E-2
8.634297E-1	3.671875E-2
8.702265E-1	3.710937E-2
8.747578E-1	3.710937E-2
8.775898E-1	3.710937E-2
8.798555E-1	3.710937E-2
8.792890E-1	3.710937E-2
8.741914E-1	3.671875E-2
8.634297E-1	3.632812E-2
8.470039E-1	3.515625E-2
8.249140E-1	3.398437E-2
7.994258E-1	3.281250E-2
7.705391E-1	3.125000E-2
7.393867E-1	2.968750E-2
7.048359E-1	2.812500E-2
6.663203E-1	2.617187E-2
6.249726E-1	2.421875E-2
5.819258E-1	2.187500E-2
5.383125E-1	1.992187E-2
4.935664E-1	1.757812E-2
4.425898E-1	1.523437E-2
3.870820E-1	1.250000E-2
3.270430E-1	1.015625E-2
2.681367E-1	7.421874E-3
2.114961E-1	5.078124E-3
1.554219E-1	2.343750E-3
1.027461E-1	0.000000E+0
5.346875E-2	-2.343750E-3
3.058595E-3	-4.687500E-3
-4.791797E-2	-6.640624E-3
-9.832812E-2	-8.984374E-3
-1.498711E-1	-1.132812E-2
-2.036797E-1	-1.328125E-2
-2.580547E-1	-1.562500E-2
-3.112969E-1	-1.835937E-2
-3.617070E-1	-2.070312E-2
-4.075859E-1	-2.265625E-2
-4.534648E-1	-2.460937E-2
-5.004766E-1	-2.695312E-2
-5.463555E-1	-2.890625E-2
-5.877031E-1	-3.085937E-2
-6.267851E-1	-3.281250E-2
-6.636015E-1	-3.437500E-2
-7.009844E-1	-3.593750E-2
-7.366680E-1	-3.750000E-2
-7.706523E-1	-3.906250E-2
-7.989726E-1	-4.023437E-2
-8.216289E-1	-4.101562E-2
-8.369219E-1	-4.179687E-2
-8.493828E-1	-4.218750E-2
-8.601445E-1	-4.257812E-2
-8.680742E-1	-4.296875E-2
-8.743047E-1	-4.335937E-2
-8.782695E-1	-4.335937E-2
-8.816680E-1	-4.335937E-2
-8.839336E-1	-4.335937E-2
-8.850664E-1	-4.335937E-2
-8.805351E-1	-4.296875E-2
-8.697734E-1	-4.257812E-2
-8.539140E-1	-4.179687E-2
-8.323906E-1	-4.062500E-2
-8.057695E-1	-3.945312E-2
-7.757500E-1	-3.789062E-2
-7.434648E-1	-3.632812E-2
-7.089140E-1	-3.476562E-2
-6.709648E-1	-3.320312E-2
-6.313164E-1	-3.085937E-2
-5.888359E-1	-2.890625E-2
-5.429570E-1	-2.656250E-2
-4.970781E-1	-2.421875E-2
-4.466680E-1	-2.226562E-2
-3.894609E-1	-1.953125E-2
-3.311211E-1	-1.679687E-2
-2.722148E-1	-1.406250E-2
-2.133086E-1	-1.171875E-2
-1.578008E-1	-8.984374E-3
-1.056914E-1	-6.640624E-3
-5.414843E-2	-4.687500E-3
-3.171873E-3	-2.343750E-3
4.667188E-2	-3.906250E-4
9.425000E-2	1.953125E-3
1.452266E-1	4.296875E-3
1.996016E-1	7.031249E-3
2.528437E-1	9.374999E-3
3.060859E-1	1.171875E-2
3.581953E-1	1.367187E-2
4.040742E-1	1.601562E-2
4.493867E-1	1.796875E-2
4.963984E-1	2.031250E-2
5.411445E-1	2.226562E-2
5.824922E-1	2.421875E-2
6.221406E-1	2.617187E-2
6.595234E-1	2.773437E-2
6.980391E-1	2.929687E-2
7.348555E-1	3.125000E-2
7.682734E-1	3.242187E-2
7.960273E-1	3.398437E-2
8.169844E-1	3.476562E-2
8.339765E-1	3.554687E-2
8.470039E-1	3.632812E-2
8.571992E-1	3.671875E-2
8.651289E-1	3.671875E-2
8.719258E-1	3.710937E-2
8.758906E-1	3.710937E-2
8.787226E-1	3.710937E-2
8.809883E-1	3.710937E-2
8.804219E-1	3.710937E-2
8.747578E-1	3.671875E-2
8.634297E-1	3.593750E-2
8.458711E-1	3.515625E-2
8.232148E-1	3.398437E-2
7.965937E-1	3.281250E-2
7.682734E-1	3.125000E-2
7.359883E-1	2.968750E-2
7.020039E-1	2.812500E-2
6.646211E-1	2.578125E-2
6.227070E-1	2.382812E-2
5.802266E-1	2.187500E-2
5.354805E-1	1.953125E-2
4.901680E-1	1.757812E-2
4.397578E-1	1.523437E-2
3.831172E-1	1.250000E-2
3.236445E-1	9.765624E-3
2.641719E-1	7.421874E-3
2.069648E-1	4.687500E-3
1.514570E-1	1.953125E-3
9.878125E-2	-3.906250E-4
4.837109E-2	-2.734375E-3
-2.039061E-3	-4.687500E-3
-5.244922E-2	-7.031249E-3
-1.028594E-1	-9.374999E-3
-1.549687E-1	-1.171875E-2
-2.082109E-1	-1.367187E-2
-2.637187E-1	-1.601562E-2
-3.163945E-1	-1.835937E-2
-3.668047E-1	-2.070312E-2
-4.115508E-1	-2.304687E-2
-4.579961E-1	-2.500000E-2
-5.044414E-1	-2.695312E-2
-5.503203E-1	-2.929687E-2
-5.916680E-1	-3.125000E-2
-6.313164E-1	-3.281250E-2
-6.670000E-1	-3.437500E-2
-7.043828E-1	-3.632812E-2
-7.395000E-1	-3.789062E-2
-7.729180E-1	-3.906250E-2
-8.018047E-1	-4.023437E-2
-8.227617E-1	-4.140625E-2
-8.380547E-1	-4.179687E-2
-8.505156E-1	-4.257812E-2
-8.607109E-1	-4.296875E-2
-8.680742E-1	-4.296875E-2
-8.743047E-1	-4.335937E-2
-8.782695E-1	-4.335937E-2
-8.816680E-1	-4.335937E-2
-8.839336E-1	-4.335937E-2
-8.839336E-1	-4.335937E-2
-8.788359E-1	-4.296875E-2
-8.686406E-1	-4.257812E-2
-8.522148E-1	-4.140625E-2
-8.306914E-1	-4.062500E-2
-8.040703E-1	-3.906250E-2
-7.734844E-1	-3.789062E-2
-7.411992E-1	-3.632812E-2
-7.066484E-1	-3.476562E-2
-6.686992E-1	-3.281250E-2
-6.290508E-1	-3.085937E-2
-5.848711E-1	-2.851562E-2
-5.389922E-1	-2.656250E-2
-4.931133E-1	-2.421875E-2
-4.415703E-1	-2.187500E-2
-3.854961E-1	-1.914062E-2
-3.271562E-1	-1.640625E-2
-2.682500E-1	-1.367187E-2
-2.104766E-1	-1.132812E-2
-1.544023E-1	-8.984374E-3
-1.011602E-1	-6.249999E-3
-4.961718E-2	-4.296875E-3
7.929704E-4	-1.953125E-3
5.120313E-2	0.000000E+0
9.821484E-2	2.343750E-3
1.497578E-1	4.687500E-3
2.030000E-1	7.031249E-3
2.562422E-1	9.374999E-3
3.094844E-1	1.171875E-2
3.615937E-1	1.406250E-2
4.074727E-1	1.601562E-2
4.527851E-1	1.835937E-2
5.003633E-1	2.031250E-2
5.445430E-1	2.226562E-2
5.858906E-1	2.421875E-2
6.244062E-1	2.617187E-2
6.634883E-1	2.812500E-2
7.014375E-1	2.968750E-2
7.376875E-1	3.125000E-2
7.705391E-1	3.281250E-2
7.977266E-1	3.398437E-2
8.192500E-1	3.476562E-2
8.345430E-1	3.554687E-2
8.481367E-1	3.593750E-2
8.577656E-1	3.632812E-2
8.656953E-1	3.671875E-2
8.713594E-1	3.710937E-2
8.753242E-1	3.710937E-2
8.775898E-1	3.710937E-2
8.798555E-1	3.710937E-2
8.798555E-1	3.710937E-2
8.741914E-1	3.671875E-2
8.628633E-1	3.593750E-2
8.453047E-1	3.515625E-2
8.226484E-1	3.398437E-2
7.965937E-1	3.242187E-2
7.671406E-1	3.125000E-2
7.354219E-1	2.968750E-2
7.003047E-1	2.773437E-2
6.612226E-1	2.578125E-2
6.193086E-1	2.382812E-2
5.756953E-1	2.187500E-2
5.309492E-1	1.953125E-2
4.856367E-1	1.718750E-2
4.352266E-1	1.484375E-2
3.791523E-1	1.250000E-2
3.191133E-1	9.765624E-3
2.607734E-1	7.421874E-3
2.041328E-1	4.687500E-3
1.491914E-1	1.953125E-3
9.708203E-2	-3.906250E-4
4.723828E-2	-2.734375E-3
-3.171873E-3	-5.078124E-3
-5.358203E-2	-7.031249E-3
-1.034258E-1	-9.374999E-3
-1.561016E-1	-1.171875E-2
-2.104766E-1	-1.367187E-2
-2.648516E-1	-1.601562E-2
-3.180937E-1	-1.835937E-2
-3.690703E-1	-2.109375E-2
-4.143828E-1	-2.304687E-2
-4.608281E-1	-2.500000E-2
-5.072734E-1	-2.734375E-2
-5.520195E-1	-2.929687E-2
-5.939336E-1	-3.125000E-2
-6.330156E-1	-3.320312E-2
-6.703984E-1	-3.476562E-2
-7.072148E-1	-3.632812E-2
-7.423320E-1	-3.789062E-2
-7.763164E-1	-3.906250E-2
-8.040703E-1	-4.023437E-2
-8.244609E-1	-4.140625E-2
-8.403203E-1	-4.179687E-2
-8.522148E-1	-4.257812E-2
-8.624101E-1	-4.296875E-2
-8.697734E-1	-4.296875E-2
-8.754375E-1	-4.335937E-2
-8.794023E-1	-4.335937E-2
-8.828008E-1	-4.335937E-2
-8.845000E-1	-4.335937E-2
-8.850664E-1	-4.335937E-2
-8.805351E-1	-4.296875E-2
-8.692070E-1	-4.257812E-2
-8.527812E-1	-4.179687E-2
-8.306914E-1	-4.062500E-2
-8.046367E-1	-3.945312E-2
-7.740508E-1	-3.789062E-2
-7.417656E-1	-3.632812E-2
-7.060820E-1	-3.476562E-2
-6.675664E-1	-3.281250E-2
-6.273515E-1	-3.085937E-2
-5.831719E-1	-2.851562E-2
-5.378594E-1	-2.656250E-2
-4.919805E-1	-2.421875E-2
-4.410039E-1	-2.187500E-2
-3.837969E-1	-1.914062E-2
-3.248906E-1	-1.640625E-2
-2.654180E-1	-1.367187E-2
-2.076445E-1	-1.132812E-2
-1.527031E-1	-8.984374E-3
-1.005937E-1	-6.640624E-3
-4.848437E-2	-4.296875E-3
2.492189E-3	-1.953125E-3
5.290234E-2	0.000000E+0
1.004805E-1	2.343750E-3
1.525898E-1	5.078124E-3
2.069648E-1	7.031249E-3
2.596406E-1	9.374999E-3
3.128828E-1	1.171875E-2
3.638594E-1	1.406250E-2
4.091719E-1	1.601562E-2
4.544844E-1	1.835937E-2
5.020625E-1	2.031250E-2
5.456758E-1	2.265625E-2
5.875898E-1	2.421875E-2
6.266719E-1	2.617187E-2
6.651875E-1	2.812500E-2
7.031367E-1	2.968750E-2
7.393867E-1	3.125000E-2
7.722383E-1	3.281250E-2
7.994258E-1	3.398437E-2
8.198164E-1	3.515625E-2
8.351094E-1	3.593750E-2
8.487031E-1	3.632812E-2
8.583320E-1	3.671875E-2
8.668281E-1	3.671875E-2
8.730586E-1	3.710937E-2
8.764570E-1	3.710937E-2
8.792890E-1	3.710937E-2
8.815547E-1	3.710937E-2
8.809883E-1	3.710937E-2
8.753242E-1	3.671875E-2
8.634297E-1	3.593750E-2
8.447383E-1	3.515625E-2
8.209492E-1	3.398437E-2
7.943281E-1	3.242187E-2
7.648750E-1	3.125000E-2
7.331562E-1	2.968750E-2
6.986055E-1	2.773437E-2
6.600898E-1	2.578125E-2
6.176094E-1	2.382812E-2
5.745625E-1	2.148437E-2
5.303828E-1	1.953125E-2
4.839375E-1	1.718750E-2
4.329609E-1	1.484375E-2
3.757539E-1	1.210937E-2
3.162812E-1	9.765624E-3
2.573750E-1	7.031249E-3
2.013008E-1	4.296875E-3
1.463594E-1	1.562500E-3
9.368359E-2	-7.812499E-4
4.440625E-2	-2.734375E-3
-6.003904E-3	-5.078124E-3
-5.698047E-2	-7.421874E-3
-1.073906E-1	-9.374999E-3
-1.589336E-1	-1.171875E-2
-2.127422E-1	-1.367187E-2
-2.676836E-1	-1.601562E-2
-3.203594E-1	-1.875000E-2
-3.713359E-1	-2.109375E-2
-4.166484E-1	-2.343750E-2
-4.625273E-1	-2.539062E-2
-5.095391E-1	-2.734375E-2
-5.554180E-1	-2.968750E-2
-5.961992E-1	-3.164062E-2
-6.352812E-1	-3.320312E-2
-6.715312E-1	-3.476562E-2
-7.083476E-1	-3.632812E-2
-7.440312E-1	-3.789062E-2
-7.774492E-1	-3.945312E-2
-8.057695E-1	-4.062500E-2
-8.255937E-1	-4.140625E-2
-8.408867E-1	-4.218750E-2
-8.533476E-1	-4.257812E-2
-8.629765E-1	-4.296875E-2
-8.703398E-1	-4.296875E-2
-8.754375E-1	-4.335937E-2
-8.799687E-1	-4.335937E-2
-8.828008E-1	-4.335937E-2
-8.850664E-1	-4.335937E-2
-8.845000E-1	-4.335937E-2
-8.788359E-1	-4.296875E-2
-8.680742E-1	-4.218750E-2
-8.516484E-1	-4.140625E-2
-8.289922E-1	-4.023437E-2
-8.023711E-1	-3.906250E-2
-7.723515E-1	-3.789062E-2
-7.395000E-1	-3.632812E-2
-7.038164E-1	-3.437500E-2
-6.647344E-1	-3.281250E-2
-6.233867E-1	-3.046875E-2
-5.797734E-1	-2.851562E-2
-5.344609E-1	-2.617187E-2
-4.880156E-1	-2.421875E-2
-4.364726E-1	-2.187500E-2
-3.792656E-1	-1.914062E-2
-3.209258E-1	-1.640625E-2
-2.620195E-1	-1.367187E-2
-2.048125E-1	-1.132812E-2
-1.498711E-1	-8.984374E-3
-9.719531E-2	-6.249999E-3
-4.508594E-2	-4.296875E-3
5.890627E-3	-1.953125E-3
5.516797E-2	3.906250E-4
1.038789E-1	2.343750E-3
1.548555E-1	5.078124E-3
2.092305E-1	7.421874E-3
2.624727E-1	9.765624E-3
3.162812E-1	1.210937E-2
3.661250E-1	1.406250E-2
4.114375E-1	1.601562E-2
4.567500E-1	1.835937E-2
5.037617E-1	2.031250E-2
5.485078E-1	2.265625E-2
5.904219E-1	2.460937E-2
6.295039E-1	2.617187E-2
6.674531E-1	2.812500E-2
7.054023E-1	2.968750E-2
7.405195E-1	3.125000E-2
7.739375E-1	3.281250E-2
7.999922E-1	3.398437E-2
8.203828E-1	3.476562E-2
8.362422E-1	3.554687E-2
8.487031E-1	3.593750E-2
8.588984E-1	3.632812E-2
8.656953E-1	3.671875E-2
8.719258E-1	3.671875E-2
8.758906E-1	3.710937E-2
8.792890E-1	3.710937E-2
8.804219E-1	3.710937E-2
8.804219E-1	3.671875E-2
8.741914E-1	3.632812E-2
8.617305E-1	3.593750E-2
8.436055E-1	3.515625E-2
8.203828E-1	3.398437E-2
7.937617E-1	3.242187E-2
7.637422E-1	3.085937E-2
7.320234E-1	2.929687E-2
6.974726E-1	2.773437E-2
6.572578E-1	2.578125E-2
6.159101E-1	2.343750E-2
5.722969E-1	2.148437E-2
5.281172E-1	1.914062E-2
4.828047E-1	1.679687E-2
4.318281E-1	1.445312E-2
3.740547E-1	1.210937E-2
3.134492E-1	9.374999E-3
2.545430E-1	7.031249E-3
1.984687E-1	4.296875E-3
1.435273E-1	1.562500E-3
9.085156E-2	-7.812499E-4
4.100781E-2	-3.125000E-3
-9.968748E-3	-5.078124E-3
-6.037890E-2	-7.421874E-3
-1.107891E-1	-9.765624E-3
-1.628984E-1	-1.171875E-2
-2.167070E-1	-1.406250E-2
-2.705156E-1	-1.640625E-2
-3.231914E-1	-1.875000E-2
-3.730351E-1	-2.109375E-2
-4.183476E-1	-2.343750E-2
-4.647930E-1	-2.539062E-2
-5.118047E-1	-2.734375E-2
-5.559844E-1	-2.968750E-2
-5.973320E-1	-3.164062E-2
-6.364140E-1	-3.359375E-2
-6.732305E-1	-3.515625E-2
-7.106133E-1	-3.671875E-2
-7.457305E-1	-3.789062E-2
-7.785820E-1	-3.945312E-2
-8.063359E-1	-4.062500E-2
-8.261601E-1	-4.140625E-2
-8.408867E-1	-4.218750E-2
-8.539140E-1	-4.257812E-2
-8.635430E-1	-4.296875E-2
-8.703398E-1	-4.335937E-2
-8.760039E-1	-4.335937E-2
-8.805351E-1	-4.335937E-2
-8.833672E-1	-4.335937E-2
-8.850664E-1	-4.335937E-2
-8.850664E-1	-4.335937E-2
-8.799687E-1	-4.296875E-2
-8.680742E-1	-4.257812E-2
-8.510820E-1	-4.179687E-2
-8.284258E-1	-4.062500E-2
-8.012383E-1	-3.906250E-2
-7.706523E-1	-3.789062E-2
-7.378008E-1	-3.632812E-2
-7.021172E-1	-3.437500E-2
-6.630351E-1	-3.281250E-2
-6.228203E-1	-3.085937E-2
-5.786406E-1	-2.851562E-2
-5.327617E-1	-2.617187E-2
-4.863164E-1	-2.421875E-2
-4.347734E-1	-2.187500E-2
-3.770000E-1	-1.914062E-2
-3.180937E-1	-1.601562E-2
-2.591875E-1	-1.328125E-2
-2.019805E-1	-1.093750E-2
-1.464727E-1	-8.593749E-3
-9.436328E-2	-6.249999E-3
-4.282031E-2	-3.906250E-3
8.156252E-3	-1.953125E-3
5.856641E-2	3.906250E-4
1.067109E-1	2.734375E-3
1.588203E-1	5.078124E-3
2.131953E-1	7.421874E-3
2.664375E-1	9.765624E-3
3.202461E-1	1.210937E-2
3.706562E-1	1.406250E-2
4.148359E-1	1.640625E-2
4.601484E-1	1.835937E-2
5.077266E-1	2.070312E-2
5.519062E-1	2.265625E-2
5.926875E-1	2.460937E-2
6.323359E-1	2.656250E-2
6.708516E-1	2.812500E-2
7.093672E-1	3.007812E-2
7.439180E-1	3.164062E-2
7.773359E-1	3.281250E-2
8.033906E-1	3.398437E-2
8.232148E-1	3.515625E-2
8.390742E-1	3.593750E-2
8.509687E-1	3.632812E-2
8.605976E-1	3.671875E-2
8.685273E-1	3.671875E-2
8.736250E-1	3.710937E-2
8.781562E-1	3.710937E-2
8.809883E-1	3.710937E-2
8.826875E-1	3.710937E-2
8.809883E-1	3.710937E-2
8.747578E-1	3.671875E-2
8.622969E-1	3.593750E-2
8.430390E-1	3.476562E-2
8.192500E-1	3.359375E-2
7.920625E-1	3.242187E-2
7.620430E-1	3.085937E-2
7.297578E-1	2.929687E-2
6.952070E-1	2.734375E-2
6.549922E-1	2.539062E-2
6.130781E-1	2.343750E-2
5.694648E-1	2.148437E-2
5.241523E-1	1.914062E-2
4.777070E-1	1.679687E-2
4.261641E-1	1.445312E-2
3.683906E-1	1.171875E-2
3.077852E-1	9.374999E-3
2.494453E-1	6.640624E-3
1.933711E-1	3.906250E-3
1.378633E-1	1.562500E-3
8.632031E-2	-7.812499E-4
3.760938E-2	-3.125000E-3
-1.280078E-2	-5.468749E-3
-6.434375E-2	-7.421874E-3
-1.147539E-1	-9.765624E-3
-1.662969E-1	-1.210937E-2
-2.212383E-1	-1.406250E-2
-2.761797E-1	-1.640625E-2
-3.282891E-1	-1.914062E-2
-3.781328E-1	-2.148437E-2
-4.228789E-1	-2.343750E-2
-4.693242E-1	-2.539062E-2
-5.157695E-1	-2.773437E-2
-5.610820E-1	-2.968750E-2
-6.018633E-1	-3.164062E-2
-6.409453E-1	-3.320312E-2
-6.771953E-1	-3.515625E-2
-7.140117E-1	-3.671875E-2
-7.485625E-1	-3.828125E-2
-7.808476E-1	-3.945312E-2
-8.086015E-1	-4.062500E-2
-8.272930E-1	-4.140625E-2
-8.431523E-1	-4.218750E-2
-8.556133E-1	-4.257812E-2
-8.641094E-1	-4.296875E-2
-8.714726E-1	-4.335937E-2
-8.765703E-1	-4.335937E-2
-8.799687E-1	-4.335937E-2
-8.828008E-1	-4.335937E-2
-8.845000E-1	-4.335937E-2
-8.833672E-1	-4.335937E-2
-8.765703E-1	-4.296875E-2
-8.641094E-1	-4.218750E-2
-8.471172E-1	-4.140625E-2
-8.238945E-1	-4.023437E-2
-7.972734E-1	-3.906250E-2
-7.672539E-1	-3.750000E-2
-7.344023E-1	-3.593750E-2
-6.992851E-1	-3.437500E-2
-6.602031E-1	-3.242187E-2
-6.194219E-1	-3.046875E-2
-5.752422E-1	-2.812500E-2
-5.299297E-1	-2.617187E-2
-4.829180E-1	-2.382812E-2
-4.302422E-1	-2.148437E-2
-3.736016E-1	-1.875000E-2
-3.146953E-1	-1.601562E-2
-2.557891E-1	-1.328125E-2
-1.985820E-1	-1.093750E-2
-1.430742E-1	-8.593749E-3
-9.096484E-2	-6.249999E-3
-3.885547E-2	-3.906250E-3
1.212110E-2	-1.562500E-3
6.139844E-2	3.906250E-4
1.101094E-1	2.734375E-3
1.627852E-1	5.078124E-3
2.165937E-1	7.812499E-3
2.692695E-1	1.015625E-2
3.225117E-1	1.210937E-2
3.729219E-1	1.445312E-2
4.176680E-1	1.679687E-2
4.641133E-1	1.875000E-2
5.111250E-1	2.070312E-2
5.547383E-1	2.304687E-2
5.955195E-1	2.460937E-2
6.351680E-1	2.656250E-2
6.736836E-1	2.851562E-2
7.105000E-1	3.007812E-2
7.456172E-1	3.164062E-2
7.773359E-1	3.281250E-2
8.033906E-1	3.437500E-2
8.232148E-1	3.515625E-2
8.385078E-1	3.593750E-2
8.509687E-1	3.632812E-2
8.605976E-1	3.671875E-2
8.679609E-1	3.671875E-2
8.730586E-1	3.710937E-2
8.775898E-1	3.710937E-2
8.804219E-1	3.710937E-2
8.815547E-1	3.710937E-2
8.804219E-1	3.671875E-2
8.741914E-1	3.632812E-2
8.605976E-1	3.593750E-2
8.424726E-1	3.476562E-2
8.181172E-1	3.359375E-2
7.909297E-1	3.242187E-2
7.609101E-1	3.085937E-2
7.286250E-1	2.929687E-2
6.923750E-1	2.734375E-2
6.521601E-1	2.539062E-2
6.102461E-1	2.343750E-2
5.666328E-1	2.109375E-2
5.224531E-1	1.875000E-2
4.760078E-1	1.679687E-2
4.238984E-1	1.445312E-2
3.649922E-1	1.171875E-2
3.043867E-1	8.984374E-3
2.466133E-1	6.640624E-3
1.899727E-1	3.906250E-3
1.350312E-1	1.171875E-3
8.348828E-2	-1.171875E-3
3.364453E-2	-3.125000E-3
-1.733203E-2	-5.468749E-3
-6.717578E-2	-7.812499E-3
-1.170195E-1	-9.765624E-3
-1.696953E-1	-1.210937E-2
-2.240703E-1	-1.445312E-2
-2.778789E-1	-1.679687E-2
-3.311211E-1	-1.914062E-2
-3.803984E-1	-2.148437E-2
-4.245781E-1	-2.343750E-2
-4.710234E-1	-2.539062E-2
-5.180351E-1	-2.773437E-2
-5.622148E-1	-3.007812E-2
-6.035625E-1	-3.164062E-2
-6.420781E-1	-3.359375E-2
-6.783281E-1	-3.515625E-2
-7.151445E-1	-3.671875E-2
-7.496953E-1	-3.828125E-2
-7.825469E-1	-3.945312E-2
-8.086015E-1	-4.062500E-2
-8.278594E-1	-4.140625E-2
-8.431523E-1	-4.218750E-2
-8.550469E-1	-4.257812E-2
-8.641094E-1	-4.296875E-2
-8.709062E-1	-4.296875E-2
-8.765703E-1	-4.335937E-2
-8.811015E-1	-4.335937E-2
-8.833672E-1	-4.335937E-2
-8.850664E-1	-4.335937E-2
-8.839336E-1	-4.335937E-2
-8.771367E-1	-4.296875E-2
-8.658086E-1	-4.218750E-2
-8.471172E-1	-4.140625E-2
-8.233281E-1	-4.023437E-2
-7.950078E-1	-3.867187E-2
-7.644219E-1	-3.750000E-2
-7.321367E-1	-3.593750E-2
-6.964531E-1	-3.437500E-2
-6.573711E-1	-3.242187E-2
-6.160234E-1	-3.007812E-2
-5.718437E-1	-2.812500E-2
-5.253984E-1	-2.578125E-2
-4.778203E-1	-2.382812E-2
-4.251445E-1	-2.109375E-2
-3.690703E-1	-1.875000E-2
-3.107305E-1	-1.562500E-2
-2.523906E-1	-1.328125E-2
-1.946172E-1	-1.093750E-2
-1.402422E-1	-8.203124E-3
-8.869922E-2	-5.859374E-3
-3.715625E-2	-3.515625E-3
1.382031E-2	-1.562500E-3
6.366406E-2	7.812499E-4
1.118086E-1	3.125000E-3
1.650508E-1	5.468749E-3
2.199922E-1	7.812499E-3
2.726680E-1	1.015625E-2
3.259102E-1	1.250000E-2
3.751875E-1	1.445312E-2
4.205000E-1	1.679687E-2
4.663789E-1	1.875000E-2
5.128242E-1	2.109375E-2
5.564375E-1	2.304687E-2
5.977851E-1	2.500000E-2
6.374336E-1	2.656250E-2
6.753828E-1	2.851562E-2
7.138984E-1	3.007812E-2
7.495820E-1	3.164062E-2
7.801680E-1	3.320312E-2
8.056562E-1	3.437500E-2
8.243476E-1	3.515625E-2
8.402070E-1	3.593750E-2
8.521015E-1	3.632812E-2
8.617305E-1	3.671875E-2
8.685273E-1	3.710937E-2
8.741914E-1	3.710937E-2
8.787226E-1	3.710937E-2
8.809883E-1	3.710937E-2
8.826875E-1	3.710937E-2
8.804219E-1	3.710937E-2
8.730586E-1	3.671875E-2
8.600312E-1	3.593750E-2
8.402070E-1	3.476562E-2
8.158515E-1	3.359375E-2
7.886641E-1	3.203125E-2
7.586445E-1	3.085937E-2
7.263594E-1	2.929687E-2
6.906758E-1	2.734375E-2
6.510273E-1	2.539062E-2
6.091133E-1	2.343750E-2
5.649336E-1	2.109375E-2
5.207539E-1	1.875000E-2
4.731758E-1	1.679687E-2
4.199336E-1	1.406250E-2
3.615937E-1	1.171875E-2
3.021211E-1	8.984374E-3
2.432148E-1	6.249999E-3
1.865742E-1	3.906250E-3
1.321992E-1	1.171875E-3
8.008984E-2	-1.171875E-3
3.024609E-2	-3.515625E-3
-2.186328E-2	-5.468749E-3
-7.227343E-2	-7.812499E-3
-1.215508E-1	-1.015625E-2
-1.742266E-1	-1.210937E-2
-2.286016E-1	-1.445312E-2
-2.824101E-1	-1.679687E-2
-3.350859E-1	-1.953125E-2
-3.832305E-1	-2.187500E-2
-4.291094E-1	-2.382812E-2
-4.749883E-1	-2.578125E-2
-5.220000E-1	-2.773437E-2
-5.650469E-1	-3.007812E-2
-6.063945E-1	-3.164062E-2
-6.443437E-1	-3.359375E-2
-6.811601E-1	-3.515625E-2
-7.179765E-1	-3.671875E-2
-7.525273E-1	-3.828125E-2
-7.848125E-1	-3.984375E-2
-8.108672E-1	-4.062500E-2
-8.289922E-1	-4.140625E-2
-8.437187E-1	-4.218750E-2
-8.556133E-1	-4.257812E-2
-8.646758E-1	-4.296875E-2
-8.726055E-1	-4.335937E-2
-8.777031E-1	-4.335937E-2
-8.805351E-1	-4.335937E-2
-8.833672E-1	-4.335937E-2
-8.856328E-1	-4.335937E-2
-8.828008E-1	-4.335937E-2
-8.760039E-1	-4.257812E-2
-8.635430E-1	-4.218750E-2
-8.459844E-1	-4.101562E-2
-8.227617E-1	-4.023437E-2
-7.944414E-1	-3.867187E-2
-7.632890E-1	-3.710937E-2
-7.298711E-1	-3.593750E-2
-6.936211E-1	-3.398437E-2
-6.534062E-1	-3.203125E-2
-6.126250E-1	-3.007812E-2
-5.684453E-1	-2.773437E-2
-5.220000E-1	-2.578125E-2
-4.749883E-1	-2.343750E-2
-4.217461E-1	-2.109375E-2
-3.651055E-1	-1.835937E-2
-3.061992E-1	-1.523437E-2
-2.484258E-1	-1.289062E-2
-1.912187E-1	-1.054687E-2
-1.362773E-1	-8.203124E-3
-8.416797E-2	-5.859374E-3
-3.319140E-2	-3.515625E-3
1.778516E-2	-1.562500E-3
6.649609E-2	7.812499E-4
1.152070E-1	3.125000E-3
1.667500E-1	5.468749E-3
2.211250E-1	7.812499E-3
2.738008E-1	1.015625E-2
3.270430E-1	1.250000E-2
3.768867E-1	1.445312E-2
4.227656E-1	1.679687E-2
4.686445E-1	1.875000E-2
5.150898E-1	2.109375E-2
5.587031E-1	2.304687E-2
5.994844E-1	2.500000E-2
6.380000E-1	2.656250E-2
6.765156E-1	2.851562E-2
7.144648E-1	3.007812E-2
7.495820E-1	3.203125E-2
7.813008E-1	3.320312E-2
8.067890E-1	3.437500E-2
8.249140E-1	3.515625E-2
8.396406E-1	3.593750E-2
8.521015E-1	3.632812E-2
8.605976E-1	3.671875E-2
8.673945E-1	3.671875E-2
8.730586E-1	3.710937E-2
8.770234E-1	3.710937E-2
8.798555E-1	3.710937E-2
8.804219E-1	3.710937E-2
8.787226E-1	3.671875E-2
8.719258E-1	3.632812E-2
8.583320E-1	3.554687E-2
8.390742E-1	3.476562E-2
8.147187E-1	3.359375E-2
7.869648E-1	3.203125E-2
7.569453E-1	3.046875E-2
7.240937E-1	2.890625E-2
6.872773E-1	2.734375E-2
6.464961E-1	2.500000E-2
6.040156E-1	2.304687E-2
5.604023E-1	2.109375E-2
5.167891E-1	1.875000E-2
4.703437E-1	1.640625E-2
4.165352E-1	1.406250E-2
3.581953E-1	1.171875E-2
2.975898E-1	8.984374E-3
2.398164E-1	6.249999E-3
1.831758E-1	3.515625E-3
1.282344E-1	1.171875E-3
7.839063E-2	-1.562500E-3
2.854688E-2	-3.515625E-3
-2.242969E-2	-5.859374E-3
-7.340625E-2	-7.812499E-3
-1.232500E-1	-1.015625E-2
-1.753594E-1	-1.250000E-2
-2.303008E-1	-1.445312E-2
-2.841094E-1	-1.679687E-2
-3.367851E-1	-1.953125E-2
-3.849297E-1	-2.187500E-2
-4.285430E-1	-2.382812E-2
-4.755547E-1	-2.578125E-2
-5.220000E-1	-2.773437E-2
-5.650469E-1	-3.007812E-2
-6.052617E-1	-3.164062E-2
-6.432109E-1	-3.359375E-2
-6.800273E-1	-3.515625E-2
-7.168437E-1	-3.671875E-2
-7.519609E-1	-3.828125E-2
-7.848125E-1	-3.945312E-2
-8.108672E-1	-4.062500E-2
-8.289922E-1	-4.140625E-2
-8.431523E-1	-4.218750E-2
-8.550469E-1	-4.257812E-2
-8.641094E-1	-4.296875E-2
-8.714726E-1	-4.296875E-2
-8.765703E-1	-4.335937E-2
-8.805351E-1	-4.335937E-2
-8.833672E-1	-4.335937E-2
-8.845000E-1	-4.335937E-2
-8.833672E-1	-4.296875E-2
-8.754375E-1	-4.257812E-2
-8.624101E-1	-4.218750E-2
-8.442851E-1	-4.101562E-2
-8.199297E-1	-3.984375E-2
-7.921758E-1	-3.867187E-2
-7.610234E-1	-3.710937E-2
-7.281719E-1	-3.554687E-2
-6.919219E-1	-3.398437E-2
-6.534062E-1	-3.203125E-2
-6.114922E-1	-2.968750E-2
-5.673125E-1	-2.773437E-2
-5.214336E-1	-2.539062E-2
-4.732891E-1	-2.343750E-2
-4.200469E-1	-2.070312E-2
-3.628398E-1	-1.796875E-2
-3.033672E-1	-1.523437E-2
-2.455937E-1	-1.289062E-2
-1.889531E-1	-1.015625E-2
-1.345781E-1	-7.812499E-3
-8.190234E-2	-5.468749E-3
-2.979297E-2	-3.125000E-3
2.118360E-2	-1.171875E-3
6.989453E-2	1.171875E-3
1.186055E-1	3.515625E-3
1.712812E-1	5.859374E-3
2.250898E-1	8.203124E-3
2.771992E-1	1.054687E-2
3.310078E-1	1.250000E-2
3.791523E-1	1.484375E-2
4.244648E-1	1.679687E-2
4.714766E-1	1.914062E-2
5.179219E-1	2.109375E-2
5.621016E-1	2.343750E-2
6.023164E-1	2.500000E-2
6.402656E-1	2.695312E-2
6.793476E-1	2.851562E-2
7.172969E-1	3.046875E-2
7.518476E-1	3.203125E-2
7.830000E-1	3.320312E-2
8.079219E-1	3.437500E-2
8.260469E-1	3.515625E-2
8.407734E-1	3.593750E-2
8.526680E-1	3.632812E-2
8.622969E-1	3.671875E-2
8.690937E-1	3.671875E-2
8.747578E-1	3.710937E-2
8.787226E-1	3.710937E-2
8.809883E-1	3.710937E-2
8.826875E-1	3.710937E-2
8.804219E-1	3.710937E-2
8.713594E-1	3.632812E-2
8.577656E-1	3.593750E-2
8.373750E-1	3.476562E-2
8.124531E-1	3.359375E-2
7.846992E-1	3.203125E-2
7.546797E-1	3.046875E-2
7.223945E-1	2.890625E-2
6.855781E-1	2.695312E-2
6.447969E-1	2.500000E-2
6.023164E-1	2.304687E-2
5.581367E-1	2.070312E-2
5.139570E-1	1.875000E-2
4.663789E-1	1.640625E-2
4.131367E-1	1.406250E-2
3.536641E-1	1.132812E-2
2.930586E-1	8.593749E-3
2.352852E-1	5.859374E-3
1.786445E-1	3.515625E-3
1.242695E-1	7.812499E-4
7.329297E-2	-1.562500E-3
2.344922E-2	-3.906250E-3
-2.696094E-2	-5.859374E-3
-7.737109E-2	-8.203124E-3
-1.277812E-1	-1.015625E-2
-1.810234E-1	-1.250000E-2
-2.353984E-1	-1.484375E-2
-2.892070E-1	-1.718750E-2
-3.418828E-1	-1.953125E-2
-3.894609E-1	-2.187500E-2
-4.353398E-1	-2.382812E-2
-4.817851E-1	-2.617187E-2
-5.276641E-1	-2.812500E-2
-5.718437E-1	-3.007812E-2
-6.120586E-1	-3.203125E-2
-6.500078E-1	-3.359375E-2
-6.868242E-1	-3.554687E-2
-7.236406E-1	-3.710937E-2
-7.564922E-1	-3.828125E-2
-7.887773E-1	-3.984375E-2
-8.136992E-1	-4.101562E-2
-8.318242E-1	-4.179687E-2
-8.454180E-1	-4.218750E-2
-8.567461E-1	-4.257812E-2
-8.663750E-1	-4.296875E-2
-8.726055E-1	-4.335937E-2
-8.777031E-1	-4.335937E-2
-8.816680E-1	-4.335937E-2
-8.839336E-1	-4.335937E-2
-8.850664E-1	-4.335937E-2
-8.833672E-1	-4.335937E-2
-8.748711E-1	-4.257812E-2
-8.618437E-1	-4.218750E-2
-8.431523E-1	-4.101562E-2
-8.187969E-1	-3.984375E-2
-7.904765E-1	-3.867187E-2
-7.598906E-1	-3.710937E-2
-7.259062E-1	-3.554687E-2
-6.890898E-1	-3.398437E-2
-6.500078E-1	-3.203125E-2
-6.069609E-1	-2.968750E-2
-5.622148E-1	-2.773437E-2
-5.163359E-1	-2.539062E-2
-4.693242E-1	-2.304687E-2
-4.149492E-1	-2.070312E-2
-3.577422E-1	-1.796875E-2
-2.988359E-1	-1.523437E-2
-2.393633E-1	-1.250000E-2
-1.815898E-1	-1.015625E-2
-1.277812E-1	-7.812499E-3
-7.680468E-2	-5.468749E-3
-2.582812E-2	-3.125000E-3
